0 0
0.0333333346088436 0.00550430578586644
0.0666666692176872 0.0269155812856457
0.100000003826531 0.0728853539187465
0.133333338435374 0.149361601547315
0.166666673044218 0.258933962697018
0.200000007653062 0.400548653310641
0.233333342261905 0.569624473741753
0.266666676870749 0.758557135229104
0.300000011479593 0.957556386509148
0.333333346088436 1.15572378454954
0.36666668069728 1.34225246180994
0.400000015306123 1.50761681231259
0.433333349914967 1.64462112860426
0.466666684523811 1.74919174923964
0.500000019132654 1.82082551234655
0.533333353741498 1.86264514676207
0.566666688350342 1.88105550294442
0.600000022959185 1.88503846786423
0.633333357568029 1.88516418395619
0.666666692176872 1.89242742319577
0.700000026785716 1.9170372153593
0.733333361394559 1.96729297559061
0.766666696003403 2.04867085402516
0.800000030612247 2.1632208876925
0.83333336522109 2.30934131990264
0.866666699829934 2.48195493141835
0.900000034438777 2.67306797179967
0.933333369047621 2.87265016033982
0.966666703656464 3.06973888070778
1.00000003826531 3.25364601279828
1.03333337287415 3.4151345463585
1.066666707483 3.54743544756764
1.10000004209184 3.64699283567741
1.13333337670068 3.71385543611158
1.16666671130953 3.75167121647332
1.20000004591837 3.76728579596152
1.23333338052721 3.76998883774351
1.26666671513606 3.77049138602061
1.3000000497449 3.77974672877677
1.33333338435374 3.80774459285006
1.36666671896259 3.86241141370801
1.40000005357143 3.94873774495548
1.43333338818027 4.06822886767305
1.46666672278912 4.21873907986976
1.50000005739796 4.39470790848083
1.53333339200681 4.58777224024886
1.56666672661565 4.78768698437769
1.60000006122449 4.98345291478327
1.63333339583334 5.16452753216921
1.66666673044218 5.32198564682422
1.70000006505102 5.44950191808948
1.73333339965987 5.54404718654239
1.76666673426871 5.60622194239123
1.80000006887755 5.64019021984067
1.8333334034864 5.65322119474043
1.86666673809524 5.65488894925151
1.90000007270408 5.65601849832956
1.93333340731293 5.66749410587578
1.96666674192177 5.69906107840166
2.00000007653062 5.7582529420886
2.03333341113946 5.84956210615296
2.0666667457483 5.97394531096523
2.10000008035715 6.1287183042189
2.13333341496599 6.30785133984046
2.16666674957483 6.5026329693134
2.20000008418368 6.70262905120769
2.23333341879252 6.89683140528064
2.26666675340136 7.07486966028093
2.30000008801021 7.22815288783822
2.33333342261905 7.35081534439783
2.36666675722789 7.44036220814453
2.40000009183674 7.49794422424548
2.43333342644558 7.52823102378471
2.46666676105443 7.53889706221515
2.50000009566327 7.53977676836765
2.53333343027211 7.54178191038063
2.56666676488096 7.55570036153016
2.6000000994898 7.59100850516411
2.63333343409864 7.65482801646838
2.66666676870749 7.75114186490822
2.70000010331633 7.88035584459084
2.73333343792517 8.03925390196833
2.76666677253402 8.22135217868072
2.80000010714286 8.41761279433764
2.83333344175171 8.61743879166487
2.86666677636055 8.80984071436904
2.90000011096939 8.98464639369485
2.93333344557824 9.13362076297171
2.96666678018708 9.25137242411623
3.00000011479592 9.33594716570548
3.03333344940477 9.38904309452184
3.06666678401361 9.41582369757323
3.10000011862245 9.42434941386491
3.1333334532313 9.42469029197833
3.16666678784014 9.42781741753781
3.20000012244898 9.44439514900885
3.23333345705783 9.48360711989816
3.26666679166667 9.55214524821263
3.30000012627552 9.65347304919932
3.33333346088436 9.78744435040516
3.3666667954932 9.94481507744867
3.40000013010205 10.0819512646201
3.43333346471089 10.1566563506262
3.46666679931973 10.1425159437329
3.50000013392858 10.0350200852058
3.53333346853742 9.85393947920082
3.56666680314626 9.64148716524368
3.60000013775511 9.45643078174021
3.63333347236395 9.36494015876034
3.66666680697279 9.42947314377598
3.70000014158164 9.69734478384822
3.73333347619048 10.1907396892186
3.76666681079933 10.8997931696739
3.80000014540817 11.7799956310838
3.83333348001701 12.7546112616335
3.86666681462586 13.7221178898803
3.9000001492347 14.5679599221709
3.93333348384354 15.179257031374
3.96666681845239 15.4606184459494
4.00000015306123 15.3489489634051
4.03333348767007 14.8251428513866
4.06666682227892 13.9208556118865
4.10000015688776 12.7190941956073
4.1333334914966 11.3481120861279
4.16666682610545 9.96894742949128
4.20000016071429 8.75779366910748
4.23333349532314 7.88513256891967
4.26666682993198 7.49408867365035
4.30000016454082 7.68070489245203
4.33333349914967 8.47874745511127
4.36666683375851 9.85122182801577
4.40000016836735 11.6900583382498
4.4333335029762 13.8244850576725
4.46666683758504 16.0375541616801
4.50000017219388 18.0892526943161
4.53333350680273 19.7437385714674
4.56666684141157 20.7976139162485
4.60000017602041 21.1058688823366
4.63333351062926 20.6022488250657
4.6666668452381 19.3113179022657
4.70000017984695 17.3503659718477
4.73333351445579 14.9204412483667
4.76666684906463 12.2870616483172
4.80000018367348 9.75241515647016
4.83333351828232 7.62195212151296
4.86666685289116 6.16906272785944
4.90000018750001 5.60191494510267
4.93333352210885 6.03644111501619
4.96666685671769 7.47889800170929
5.00000019132654 9.82043511902334
5.03333352593538 12.8447914132172
5.06666686054422 16.2487448590525
5.10000019515307 19.6734333935948
5.13333352976191 22.7433259212806
5.16666686437076 25.1086120895303
5.2000001989796 26.4862288270717
5.23333353358844 26.6947300756599
5.26666686819729 25.6787527965739
5.30000020280613 23.5198914528716
5.33333353741497 20.4322576504394
5.36666687202382 16.7427137421208
5.40000020663266 12.8575375979492
5.4333335412415 9.21889680395778
5.46666687585035 6.25579179997956
5.50000021045919 4.33491030711677
5.53333354506803 3.7170144991368
5.56666687967688 4.52401938037537
5.60000021428572 6.72085063265176
5.63333354889457 10.1145988473315
5.66666688350341 14.3715814211596
5.70000021811225 19.0508934202185
5.7333335527211 23.6511043271703
5.76666688732994 27.6651626508575
5.80000022193878 30.6374967406603
5.83333355654763 32.2168847250223
5.86666689115647 32.1989741331678
5.90000022576531 30.5533460013268
5.93333356037416 27.4316412367729
5.966666894983 23.1553286859561
6.00000022959185 18.1839703094588
6.03333356420069 13.0670747252149
6.06666689880953 8.38457022307821
6.10000023341838 4.68234397090541
6.13333356802722 2.41001176537731
6.16666690263606 1.86800411952078
6.20000023724491 3.17016998846417
6.23333357185375 6.22649085134492
6.26666690646259 10.7483312984062
6.30000024107144 16.2761610200171
6.33333357568028 22.2271425443632
6.36666691028912 27.9576762515763
6.40000024489797 32.8341953688335
6.43333357950681 36.3044236078397
6.46666691411566 37.9610846575086
6.5000002487245 37.5907294809822
6.53333358333334 35.2018667644721
6.56666691794219 31.0287897530482
6.60000025255103 25.5101537940319
6.63333358715987 19.2441818292733
6.66666692176872 12.9250442995499
6.70000025637756 7.31947416132287
6.7333335909864 3.07606468709587
6.76666692559525 0.627377034970238
6.80000026020409 0.217307780990847
6.83333359481293 1.87745369810827
6.86666692942178 5.42551313622668
6.90000026403062 10.4856930552572
6.93333359863947 16.5288379542788
6.96666693324831 22.9279996390713
7.00000026785715 29.023625718881
7.033333602466 34.1916120912423
7.06666693707484 37.9072292317586
7.10000027168368 39.7984109831801
7.13333360629253 39.683032304555
7.16666694090137 37.5864775074652
7.20000027551021 33.7378381063615
7.23333361011906 28.5452697794981
7.2666669447279 22.5531578040988
7.30000027933674 16.3855755280487
7.33333361394559 10.6818873730453
7.36666694855443 6.03111168421266
7.40000028316328 2.91174647674723
7.43333361777212 1.64316849366458
7.46666695238096 2.35350725765728
7.50000028698981 4.96719684705532
7.53333362159865 9.21339335350597
7.56666695620749 14.6543205107765
7.60000029081634 20.730584918896
7.63333362542518 26.8187890995593
7.66666696003402 32.2955368500762
7.70000029464287 36.6012936189254
7.73333362925171 39.2975965307285
7.76666696386055 40.1117989746464
7.8000002984694 38.9648119512502
7.83333363307824 35.9790384950503
7.86666696768709 31.4657127090281
7.90000030229593 25.8929476075817
7.93333363690477 19.8377549141776
7.96666697151362 13.9269276823627
8.00000030612246 8.77280896749996
8.03333364073131 4.91049242862405
8.06666697534015 2.74286058740632
8.10000030994899 2.49907701856126
8.13333364455784 4.21078882445998
8.16666697916668 7.70850172565558
8.20000031377553 12.6385423419859
8.23333364838437 18.4989271341582
8.26666698299322 24.690526811934
8.30000031760206 30.5783447418519
8.33333365221091 35.5566783703523
8.36666698681975 39.1115124206491
8.40000032142859 40.873747094669
8.43333365603744 40.6577712349759
8.46666699064628 38.4813608106065
8.50000032525513 34.5647710456583
8.53333365986397 29.3090066525716
8.56666699447282 23.2553851986541
8.60000032908166 17.0304368724574
8.63333366369051 11.2817119893086
8.66666699829935 6.61103675091603
8.70000033290819 3.5120648556363
8.73333366751704 2.31858085734472
8.76666700212588 3.16895487183658
8.80000033673473 5.99052959809006
8.83333367134357 10.5057002978463
8.86666700595242 16.2592296212419
8.90000034056126 22.6641475911245
8.93333367517011 29.0616478440702
8.96666700977895 34.7889061005553
9.00000034438779 39.2478731636439
9.03333367899664 41.9679288743694
9.06666701360548 42.6558500926799
9.10000034821433 41.2277945656103
9.13333368282317 37.8198122804709
9.16666701743202 32.7755860752791
9.20000035204086 26.6124519002059
9.23333368664971 19.9690150487815
9.26666702125855 13.539626240125
9.30000035586739 8.00240487193109
9.33333369047624 3.94824192156927
9.36666702508508 1.81819598796557
9.40000035969393 1.85590514751181
9.43333369430277 4.08014704350285
9.46666702891162 8.28063607707448
9.50000036352046 14.0377554761172
9.53333369812931 20.7644282297852
9.56666703273815 27.7659933874034
9.600000367347 34.3120193820602
9.63333370195584 39.7126616425075
9.66666703656468 43.391604733307
9.70000037117353 44.9478893833091
9.73333370578237 44.1999961472444
9.76666704039122 41.2073389087967
9.80000037500006 36.2666357782272
9.83333370960891 29.8832363780617
9.86666704421775 22.7201225395375
9.9000003788266 15.529686732015
9.93333371343544 9.07527407521242
9.96666704804428 4.05064399562646
10.0000003826531 1.00583289042774
10.033333717262 0.281828837972565
10.0666670518708 1.94586833479693
10.1000003864797 5.81271094050871
10.1333337210885 11.4711504705352
10.1666670556974 18.3280775981419
10.2000003903062 25.6708801984722
10.233333724915 32.7416304755967
10.2666670595239 38.8153610400251
10.3000003941327 43.2743810092689
10.3333337287416 45.6710556353873
10.3666670633504 45.7727128955299
10.4000003979593 43.584214725643
10.4333337325681 39.346043079729
10.466667067177 33.5082632896894
10.5000004017858 26.6831828814471
10.5333337363946 19.581674740893
10.5666670710035 12.9397639742506
10.6000004056123 7.44302696262509
10.6333337402212 3.65652798601973
10.66666707483 1.96741095879728
10.7000004094389 2.54593799491289
10.7333337440477 5.32886125009763
10.7666670786566 10.0267257010683
10.8000004132654 16.1542614902137
10.8333337478742 23.0806821771946
10.8666670824831 30.0946955817022
10.9000004170919 36.4775581062003
10.9333337517008 41.5767081218094
10.9666670863096 44.8724768102431
11.0000004209185 46.0310969504922
11.0333337555273 44.9386364293267
11.0666670901362 41.7124301681109
11.100000424745 36.6888742110035
11.1333337593538 30.388847401001
11.1666670939627 23.4642970627617
11.2000004285715 16.6314365354617
11.2333337631804 10.5973616850368
11.2666670977892 5.98756364635516
11.3000004323981 3.28172821515007
11.3333337670069 2.76437678326467
11.3666671016158 4.4954030230845
11.4000004362246 8.3035442237523
11.4333337708334 13.8034988610461
11.4666671054423 20.4349971120854
11.5000004400511 27.5198915234743
11.53333377466 34.3314879366611
11.5666671092688 40.1690703630007
11.6000004438777 44.4300182727415
11.6333337784865 46.6721300175377
11.6666671130954 46.6597336292853
11.7000004477042 44.3887916987437
11.733333782313 40.0883290342733
11.7666671169219 34.1979176990502
11.8000004515307 27.3234010554977
11.8333337861396 20.1752779997503
11.8666671207484 13.4959712795834
11.9000004553573 7.98338288990678
11.9333337899661 4.21857013868396
11.966667124575 2.60500826384401
12.0000004591838 3.32577048021902
12.0333337937926 6.32316352372936
12.0666671284015 11.303083724832
12.1000004630103 17.7638337067693
12.1333337976192 25.046619300373
12.166667132228 32.4026887038769
12.2000004668369 39.0703156045946
12.2333338014457 44.3537508045799
12.2666671360546 47.6959907199587
12.3000004706634 48.7377729027983
12.3333338052722 47.3565597100027
12.3666671398811 43.6812808825402
12.4000004744899 38.0810741563584
12.4333338090988 31.1289404163527
12.4666671437076 23.5438419564132
12.5000004783165 16.1170480301188
12.5333338129253 9.63023128638072
12.5666671475342 4.77375862576627
12.600000482143 2.07369350800106
12.6333338167518 1.83521525156197
12.6666671513607 4.1085374861493
12.7000004859695 8.681131114629
12.7333338205784 15.0973555356563
12.7666671551872 22.7037515070026
12.8000004897961 30.715545305773
12.8333338244049 38.2976410579228
12.8666671590138 44.6517796109169
12.9000004936226 49.1007944735927
12.9333338282314 51.1610880699861
12.9666671628403 50.595577597383
13.0000004974491 47.4413139771179
13.033333832058 42.0085661674041
13.0666671666668 34.8511234287157
13.1000005012757 26.7105940233351
13.1333338358845 18.4402528827336
13.1666671704934 10.9162173562035
13.2000005051022 4.94516687568914
13.233333839711 1.17830647926025
13.2666671743199 0.0407409262291205
13.3000005089287 1.68391733941628
13.3333338435376 5.96645535959332
13.3666671781464 12.4099612869554
13.4000005127553 20.2423437785051
13.4333338473641 28.5823780422214
13.466667181973 36.5094861681154
13.5000005165818 43.1638744849562
13.5333338511906 47.8382921479191
13.5666671857995 50.0516280631405
13.6000005204083 49.5967132897346
13.6333338550172 46.5576347204234
13.666667189626 41.2952587197142
13.7000005242349 34.4031329674191
13.7333338588437 26.6391023745661
13.7666671934526 18.8405021717305
13.8000005280614 11.832416010007
13.8333338626702 6.33905046704901
13.8666671972791 2.90773968105795
13.9000005318879 1.85353555664995
13.9333338664968 3.22995012399129
13.9666672011056 6.82847367209293
14.0000005357145 12.2063262401602
14.0333338703233 18.738859278583
14.0666672049322 25.6904361184132
14.100000539541 32.2957554245356
14.1333338741498 37.8426276125017
14.1666672087587 41.7472538114372
14.2000005433675 43.6140640277909
14.2333338779764 43.2740148388909
14.2666672125852 40.7977084217689
14.3000005471941 36.4824931006764
14.3333338818029 30.8155298900721
14.3666672164118 24.4173532043993
14.4000005510206 17.9724482177438
14.4333338856294 12.154609583685
14.4666672202383 7.55522020897925
14.5000005548471 4.62207541786205
14.533333889456 3.61505478564677
14.5666672240648 4.58297466250096
14.6000005586737 7.36356835056591
14.6333338932825 11.6060066958205
14.6666672278914 16.8129671881894
14.7000005625002 22.3972408042352
14.733333897109 27.7464403656265
14.7666672317179 32.2886797881883
14.8000005663267 35.552184966066
14.8333339009356 37.2126422901234
14.8666672355444 37.1235773797787
14.9000005701533 35.3270058164482
14.9333339047621 32.0437859989633
14.966667239371 27.6452889694613
15.0000005739798 22.6099461548718
