0 0
0.00555555598072566 0.000154281323733958
0.0111111119614513 0.000770930564132726
0.016666667942177 0.00215660761944245
0.0222222239229026 0.00461559945532384
0.0277777799036283 0.00844888118893498
0.0333333358843539 0.0139531873921417
0.0388888918650796 0.0214200964794664
0.0444444478458053 0.0311351310060134
0.0500000038265309 0.0433768766515128
0.0555555598072566 0.0584161226089726
0.0611111157879822 0.0765150260303752
0.0666666717687079 0.0979263031076288
0.0722222277494335 0.122892449284795
0.0777777837301592 0.151644991007727
0.0833333397108849 0.184403771319937
0.0888888956916105 0.221376271509085
0.0944444516723362 0.262756970897219
0.100000007653062 0.308726746750234
0.105555563633787 0.359452316158192
0.111111119614513 0.415085721608652
0.116666675595239 0.475763861840347
0.122222231575964 0.541608069424813
0.12777778755669 0.612723736379389
0.133333343537416 0.689199988966825
0.138888899518141 0.77110941268492
0.144444455498867 0.858507828294792
0.150000011479593 0.951434119578858
0.155555567460318 1.04991011336001
0.161111123441044 1.15394051215217
0.16666667942177 1.26351287965014
0.172222235402495 1.37859767910333
0.177777791383221 1.49914836445519
0.183333347363947 1.62510152396693
0.188888903344672 1.75637707588244
0.194444459325398 1.89287851553074
0.200000015306124 2.03449321310327
0.205555571286849 2.18109276118747
0.211111127267575 2.33253337098407
0.216666683248301 2.48865631598561
0.222222239229026 2.64928842174714
0.227777795209752 2.81424260023792
0.233333351190478 2.98331842712516
0.238888907171203 3.15630276020864
0.244444463151929 3.33297039709798
0.250000019132655 3.51308477010304
0.25555557511338 3.69639867619346
0.261111131094106 3.88265503977491
0.266666687074832 4.0715877059283
0.272222243055557 4.2629222616645
0.277777799036283 4.45637688266028
0.283333355017009 4.65166320286289
0.288888910997734 4.84848720428006
0.29444446697846 5.04655012420963
0.300000022959185 5.24554937710967
0.305555578939911 5.44517948826447
0.311111134920637 5.64513303636537
0.316666690901362 5.84510160209811
0.322222246882088 6.04477671980963
0.327777802862814 6.24385082931785
0.333333358843539 6.44201822492753
0.338888914824265 6.63897599872381
0.344444470804991 6.83442497523295
0.350000026785716 7.02807063456605
0.355555582766442 7.21962402119742
0.361111138747168 7.40880263557344
0.366666694727893 7.59533130580061
0.372222250708619 7.77894303672326
0.377777806689345 7.95937983377086
0.38333336267007 8.1363934990329
0.388888918650796 8.30974639710494
0.394444474631522 8.47921218834269
0.400000030612247 8.64457652726163
0.405555586592973 8.80563772392707
0.411111142573699 8.96220736629403
0.416666698554424 9.11411090157634
0.42222225453515 9.26118817485142
0.427777810515876 9.40329392323849
0.433333366496601 9.54029822412559
0.438888922477327 9.67208689606222
0.444444478458053 9.79856185108066
0.450000034438778 9.91964139735879
0.455555590419504 10.0352604912905
0.46111114640023 10.1453709381862
0.466666702380955 10.2499415409831
0.472222258361681 10.3489581965082
0.477777814342407 10.4424239389954
0.483333370323132 10.5303589307226
0.488888926303858 10.6128003997987
0.494444482284583 10.6898025252916
0.500000038265309 10.7614362700517
0.505555594246035 10.8277891617473
0.51111115022676 10.8889650227864
0.516666706207486 10.9450836499601
0.522222262188212 10.9962804447942
0.527777818168937 11.0427059957506
0.533333374149663 11.0845256135676
0.538888930130389 11.1219188211727
0.544444486111114 11.1550787997421
0.55000004209184 11.1842117926155
0.555555598072566 11.2095364689062
0.561111154053291 11.2311289674464
0.566666710034017 11.2481522073413
0.572222266014743 11.2596327308963
0.577777821995468 11.2646217824237
0.583333377976194 11.2622020060558
0.58888893395692 11.251494011588
0.594444489937645 11.2316627765662
0.600000045918371 11.2019238534826
0.605555601899097 11.1615493517232
0.611111157879822 11.1098736648216
0.616666713860548 11.0462989146029
0.622222269841274 10.9703000849591
0.627777825821999 10.8814298192667
0.633333381802725 10.7793228568378
0.638888937783451 10.6637000852877
0.644444493764176 10.5343721872865
0.650000049744902 10.3912428618483
0.655555605725628 10.2343116020805
0.661111161706353 10.0636760131685
0.666666717687079 9.87953365629517
0.672222273667805 9.68218340618692
0.67777782964853 9.47202631202719
0.683333385629256 9.24956595357926
0.688888941609981 9.01540828650203
0.694444497590707 8.77026097301863
0.700000053571433 8.5149321962994
0.705555609552158 8.25032895913792
0.711111165532884 7.97745486972492
0.71666672151361 7.69740741954876
0.722222277494335 7.41137476066591
0.727777833475061 7.12063199178028
0.733333389455787 6.82653696473862
0.738888945436512 6.5305256251806
0.744444501417238 6.23410690316962
0.750000057397964 5.93885717166355
0.755555613378689 5.64641429265711
0.761111169359415 5.3584712727298
0.766666725340141 5.07676955155825
0.772222281320866 4.80309194869221
0.777777837301592 4.53925529554088
0.783333393282318 4.28710278106504
0.788888949263043 4.04849604111359
0.794444505243769 3.82530702267382
0.800000061224495 3.61940965551854
0.80555561720522 3.43267136482347
0.811111173185946 3.26694445929064
0.816666729166672 3.12405743014418
0.822222285147397 3.00580619705841
0.827777841128123 2.91394533763273
0.833333397108849 2.85017933743918
0.838888953089574 2.81615389793553
0.8444445090703 2.81344733965624
0.850000065051026 2.84356213806555
0.855555621031751 2.90791662927982
0.861111177012477 3.00783692253996
0.866666732993203 3.14454905583994
0.872222288973928 3.31917143049514
0.877777844954654 3.53270755966535
0.883333400935379 3.78603916493486
0.888888956916105 4.07991965399768
0.894444512896831 4.41496801130406
0.900000068877556 4.79166313219704
0.905555624858282 5.21033862961148
0.911111180839008 5.67117814082488
0.916666736819733 6.17421116004694
0.922222292800459 6.71930942081766
0.927777848781185 7.30618385025809
0.93333340476191 7.93438211519131
0.938888960742636 8.60328677802923
0.944444516723362 9.31211407811256
0.950000072704087 10.0599133519031
0.955555628684813 10.845567103069
0.961111184665539 11.6677917310815
0.966666740646264 12.5251389244672
0.97222229662699 13.415997722338
0.977777852607716 14.3385972452668
0.983333408588441 15.2910100939945
0.988888964569167 16.2711564118531
0.994444520549893 17.2768086041876
1.00000007653062 18.3055967054527
1.00555563251134 19.3550143820737
1.01111118849207 20.4224255565884
1.0166667444728 21.5050716360564
1.02222230045352 22.6000793252244
1.02777785643425 23.7044690024954
1.03333341241497 24.8151636343688
1.0388889683957 25.9289982017073
1.04444452437642 27.0427296089551
1.05000008035715 28.1530470452901
1.05555563633787 29.2565827646464
1.0611111923186 30.3499232496027
1.06666674829933 31.4296207223078
1.07222230428005 32.4922049639041
1.07777786026078 33.5341954023383
1.0833334162415 34.5521134269991
1.08888897222223 35.5424948873278
1.09444452820295 36.5019027313859
1.10000008418368 37.4269397393698
1.10555564016441 38.3142613062137
1.11111119614513 39.1605882267405
1.11666675212586 39.9554093621297
1.12222230810658 40.6883459438802
1.12777786408731 41.3566763134479
1.13333342006803 41.9578857621818
1.13888897604876 42.4896780610837
1.14444453202949 42.9499862813382
1.15000008801021 43.3369828607007
1.15555564399094 43.6490888733002
1.16111119997166 43.8849824630508
1.16666675595239 44.0436064036604
1.17222231193311 44.1241747511676
1.17777786791384 44.1261785580177
1.18333342389456 44.0493906208983
1.18888897987529 43.8938692378806
1.19444453585602 43.6599609538417
1.20000009183674 43.3483022766724
1.20555564781747 42.9598203503777
1.21111120379819 42.4957325748576
1.21666675977892 41.9575451658861
1.22222231575964 41.3470506525844
1.22777787174037 40.6663243134922
1.2333334277211 39.9177195561619
1.23888898370182 39.1038622490332
1.24444453968255 38.2276440181586
1.25000009566327 37.2922145251469
1.255555651644 36.3009727464482
1.26111120762472 35.2575572778099
1.26666676360545 34.1658356913745
1.27222231958618 33.0298929764577
1.2777778755669 31.854019098516
1.28333343154763 30.6426957141889
1.28888898752835 29.4005820835538
1.29444454350908 28.1325002238638
1.3000000994898 26.8434193520263
1.30555565547053 25.5384396659206
1.31111121145126 24.2227755173333
1.31666676743198 22.9017380317946
1.32222232341271 21.5807172329267
1.32777787939343 20.2651637310527
1.33333343537416 18.9605700377509
1.33888899135488 17.6724515697706
1.34444454733561 16.4063274072453
1.35000010331633 15.1677008724363
1.35555565929706 13.9620399963119
1.36111121527779 12.7947579411113
1.36666677125851 11.6711934476476
1.37222232723924 10.5965913764762
1.37777788321996 9.57608341218385
1.38333343920069 8.61466899993824
1.38888899518141 7.71719658308688
1.39444455116214 6.88834520999059
1.40000010714287 6.13260657743894
1.40555566312359 5.45426757691253
1.41111121910432 4.85739340863749
1.41666677508504 4.34581132682395
1.42222233106577 3.92309507769542
1.42777788704649 3.59255008990646
1.43333344302722 3.35719947471627
1.43888899900795 3.21977089084334
1.44444455498867 3.18268432627825
1.4500001109694 3.24804084648584
1.45555566695012 3.41761235539339
1.46111122293085 3.69283241234813
1.46666677891157 4.07478814484426
1.4722223348923 4.5642132932792
1.47777789087302 5.16148242031099
1.48333344685375 5.86660631356624
1.48888900283448 6.67922860650355
1.4944445588152 7.59862363818312
1.50000011479593 8.6236955685436
1.50555567077665 9.75297876155481
1.51111122675738 10.9846394443158
1.5166667827381 12.3164786458135
1.52222233871883 13.7459364146663
1.52777789469956 15.2700973107597
1.53333345068028 16.8856971612576
1.53888900666101 18.5891310670548
1.54444456264173 20.3764626413382
1.55000011862246 22.2434344575673
1.55555567460318 24.1854796798741
1.56111123058391 26.1977348446445
1.56666678656464 28.2750537578836
1.57222234254536 30.4120224689073
1.57777789852609 32.6029752769491
1.58333345450681 34.8420117234502
1.58888901048754 37.1230145191111
1.59444456646826 39.4396683512524
1.60000012244899 41.7854795136623
1.60555567842971 44.153796297919
1.61111123441044 46.5378300821751
1.61666679039117 48.9306770505912
1.62222234637189 51.3253404740184
1.62777790235262 53.7147534801601
1.63333345833334 56.091802239311
1.63888901431407 58.4493494898724
1.64444457029479 60.7802583261911
1.65000012627552 63.0774161698792
1.65555568225625 65.3337588446294
1.66111123823697 67.5422946736762
1.6666667942177 69.696128518448
1.67222235019842 71.7883313953086
1.67777790617915 73.8111941727454
1.68333346215987 75.7570285309716
1.6888890181406 77.6183518040457
1.69444457412133 79.3879170049209
1.70000013010205 81.058742200697
1.70555568608278 82.6241391257941
1.7111112420635 84.0777409229434
1.71666679804423 85.4135289044771
1.72222235402495 86.6258582293885
1.72777791000568 87.7094823950054
1.73333346598641 88.6595764458771
1.73888902196713 89.4717588066019
1.74444457794786 90.1421116497954
1.75000013392858 90.6671997152223
1.75555568990931 91.0440875012559
1.76111124589003 91.2703547552814
1.76666680187076 91.3441101953927
1.77222235785148 91.2640034017518
1.77777791383221 91.0292348222284
1.78333346981294 90.639563843433
1.78888902579366 90.0953148849454
1.79444458177439 89.3973814814232
1.80000013775511 88.5472283243065
1.80555569373584 87.5468912420145
1.81111124971656 86.3989751048083
1.81666680569729 85.1066496478685
1.82222236167802 83.6736432135609
1.82777791765874 82.1042344213312
1.83333347363947 80.4032417811363
1.83888902962019 78.5760112737743
1.84444458560092 76.6284019288801
1.85000014158164 74.566769438689
1.85555569756237 72.3979478529078
1.8611112535431 70.1292294071458
1.86666680952382 67.768342544321
1.87222236550455 65.3234281952487
1.87777792148527 62.8030143912061
1.883333477466 60.215989287636
1.88888903344672 57.5715726842696
1.89444458942745 54.8792861328013
1.90000014540817 52.1489217288055
1.9055557013889 49.3905096898321
1.91111125736963 46.6142848265348
1.91666681335035 43.8306520182467
1.92222236933108 41.0501508086173
1.9277779253118 38.2834192407332
1.93333348129253 35.5411570545579
1.93888903727325 32.8340883725222
1.94444459325398 30.1729240016699
1.95000014923471 27.568323482894
1.95555570521543 25.0308570194919
1.96111126119616 22.5709674184949
1.96666681717688 20.198932179003
1.97222237315761 17.9248258620606
1.97777792913833 15.7584828764449
1.98333348511906 13.7094608141042
1.98888904109979 11.7870044678792
1.99444459708051 10.0000106625623
2.00000015306124 8.35699402831369
2.00555570904196 6.86605384294444
2.01111126502269 5.53484206662539
2.01666682100341 4.37053268917223
2.02222237698414 3.37979250621798
2.02777793296486 2.56875343631609
2.03333348894559 1.94298648633737
2.03888904492632 1.50747746744409
2.04444460090704 1.2666045584622
2.05000015688777 1.22411780764337
2.05555571286849 1.38312065763162
2.06111126884922 1.74605357194409
2.06666682482994 2.31467983446297
2.07222238081067 3.09007358633752
2.0777779367914 4.07261015733529
2.08333349277212 5.26195874108302
2.08888904875285 6.65707745582673
2.09444460473357 8.25621082434195
2.1000001607143 10.056889698466
2.10555571669502 12.0559336454319
2.11111127267575 14.249455804787
2.11666682865648 16.6328702162032
2.1222223846372 19.2009016099645
2.12777794061793 21.9475976433764
2.13333349659865 24.8663435578084
2.13888905257938 27.9498792225906
2.1444446085601 31.1903185235621
2.15000016454083 34.5791710457435
2.15555572052155 38.1073659914087
2.16111127650228 41.7652782667901
2.16666683248301 45.5427566627928
2.17222238846373 49.4291540474492
2.17777794444446 53.4133594804388
2.18333350042518 57.4838321528595
2.18888905640591 61.6286370485877
2.19444461238663 65.8354822170315
2.20000016836736 70.0917575408944
2.20555572434809 74.3845748767337
2.21111128032881 78.7008094406608
2.21666683630954 83.0271423064891
2.22222239229026 87.3501038790258
2.22777794827099 91.6449681341069
2.23333350425171 95.8862335643544
2.23888906023244 100.059437830718
2.24444461621317 104.150296578394
2.25000017219389 108.144754449343
2.25555572817462 112.029035465632
2.26111128415534 115.789692606495
2.26666684013607 119.413656404316
2.27222239611679 122.888282387675
2.27777795209752 126.201397203093
2.28333350807825 129.341343251267
2.28888906405897 132.297021678198
2.2944446200397 135.057933566931
2.30000017602042 137.614219181352
2.30555573200115 139.956695119831
2.31111128798187 142.0768892433
2.3166668439626 143.96707324965
2.32222239994332 145.620292774087
2.32777795592405 147.030394903271
2.33333351190478 148.192052999663
2.3388890678855 149.100788741445
2.34444462386623 149.752991292739
2.35000017984695 150.145933528443
2.35555573582768 150.277785247938
2.3611112918084 150.147623322092
2.36666684778913 149.75543872836
2.37222240376986 149.102140439359
2.37777795975058 148.189556141
2.38333351573131 147.020429767102
2.38888907171203 145.598415848291
2.39444462769276 143.928070683928
2.40000018367348 142.014840356776
2.40555573965421 139.865045620957
2.41111129563494 137.48586370463
2.41666685161566 134.885307079504
2.42222240759639 132.072199259863
2.42777796357711 129.056147704174
2.43333351955784 125.847513902492
2.43888907553856 122.4573807428
2.44444463151929 118.897517259003
2.45000018750001 115.18034087262
2.45555574348074 111.318877249129
2.46111129946147 107.326717898469
2.46666685544219 103.217975657358
2.47222241142292 99.0072381987201
2.47777796740364 94.7095197207917
2.48333352338437 90.3402109751239
2.48888907936509 85.9150277989419
2.49444463534582 81.4499583229322
2.50000019132655 76.961209030625
2.50555574730727 72.465149850026
2.511111303288 67.9782584620493
2.51666685926872 63.517064013578
2.52222241524945 59.0980904256275
2.52777797123017 54.7377994890964
2.5333335272109 50.4525339419492
2.53888908319163 46.2584607223822
2.54444463917235 42.1715145925702
2.55000019515308 38.2073423269805
2.5555557511338 34.3812476579644
2.56111130711453 30.7081371694073
2.56666686309525 27.2024673266341
2.57222241907598 23.8781928275325
2.5777779750567 20.7487164559935
2.58333353103743 17.8268406142704
2.58888908701816 15.1247207057551
2.59444464299888 12.6538205339636
2.60000019897961 10.4248698772436
2.60555575496033 8.44782439187323
2.61111131094106 6.73182798883866
2.61666686692178 5.28517782168634
2.62222242290251 4.11529201445686
2.62777797888324 3.22868024986261
2.63333353486396 2.63091732858794
2.63888909084469 2.32661980090499
2.64444464682541 2.31942576173915
2.65000020280614 2.61197788991932
2.65555575878686 3.20590980164341
2.66111131476759 4.10183577721412
2.66666687074832 5.29934390889009
2.67222242672904 6.79699270629021
2.67777798270977 8.5923111842217
2.68333353869049 10.6818024461146
2.68888909467122 13.0609507644747
2.69444465065194 15.7242321479546
2.70000020663267 18.6651283728238
2.7055557626134 21.8761444448429
2.71111131859412 25.3488294458388
2.71666687457485 29.0738007076931
2.72222243055557 33.0407712450209
2.7277779865363 37.2385803665805
2.73333354251702 41.6552273744458
2.73888909849775 46.2779082492367
2.74444465447847 51.0930552092748
2.7500002104592 56.0863790214418
2.75555576643993 61.2429139318102
2.76111132242065 66.5470650748176
2.76666687840138 71.9826582108991
2.7722224343821 77.5329916341175
2.77777799036283 83.1808900834491
2.78333354634355 88.908606202722
2.78888910232428 94.6971079529328
2.79444465830501 100.526915053842
2.80000021428573 106.378320963795
2.80555577026646 112.231461581262
2.81111132624718 118.066384713076
2.81666688222791 123.863120069792
2.82222243820863 129.601749546173
2.82777799418936 135.262477543218
2.83333355017009 140.825701087413
2.83888910615081 146.272079502943
2.84444466213154 151.582603393546
2.85000021811226 156.738662692456
2.85555577409299 161.72211354146
2.86111133007371 166.515343763541
2.86666688605444 171.101336697794
2.87222244203516 175.463733170381
2.87777799801589 179.586891381082
2.88333355399662 183.455944491641
2.88888910997734 187.056855709426
2.89444466595807 190.37647066804
2.90000022193879 193.402566915243
2.90555577791952 196.123900328055
2.91111133390024 198.530248284955
2.91666688988097 200.612449435812
2.9222224458617 202.362439921447
2.92777800184242 203.773285906531
2.93333355782315 204.839212301828
2.93888911380387 205.555627564551
2.9444446697846 205.919144478759
2.95000022576532 205.927596831281
2.95555578174605 205.580051912495
2.96111133772678 204.876818785453
2.9666668937075 203.819452281189
2.97222244968823 202.410752692619
2.97777800566895 200.65476115412
2.98333356164968 198.556750708632
2.9888891176304 196.123213078941
2.99444467361113 193.361841174575
3.00000022959185 190.281507380455
3.00555578557258 186.892237688045
3.01111134155331 183.20518174417
3.01666689753403 179.232578906881
3.02222245351476 174.987720411684
3.02777800949548 170.484907765086
3.03333356547621 165.73940749567
3.03888912145693 160.76740240579
3.04444467743766 155.585939479347
3.05000023341839 150.212874613063
3.05555578939911 144.666814350015
3.06111134537984 138.967054804998
3.06666690136056 133.133517981473
3.07222245734129 127.186685689383
3.07777801332201 121.147531281964
3.08333356930274 115.03744943782
3.08888912528347 108.878184221895
3.09444468126419 102.6917556656
3.10000023724492 96.5003851121655
3.10555579322564 90.3264195782656
3.11111134920637 84.1922553871393
3.11666690518709 78.1202613317094
3.12222246116782 72.1327016286464
3.12777801714854 66.2516589258728
3.13333357312927 60.4989576266663
3.13888912911 54.8960877932969
3.14444468509072 49.4641298920186
3.15000024107145 44.2236806392215
3.15555579705217 39.1947802056595
3.1611113530329 34.3968410318893
3.16666690901362 29.8485785034175
3.17222246499435 25.5679437285464
3.17777802097508 21.572058655574
3.1833335769558 17.8771537588424
3.18888913293653 14.4985085151693
3.19444468891725 11.4503948834663
3.20000024489798 8.74602399086817
3.2055558008787 6.39749621850233
3.21111135685943 4.41575486914626
3.21666691284016 2.81054358749418
3.22222246882088 1.59036769161002
3.22777802480161 0.762459561430473
3.23333358078233 0.332748216934317
3.23888913676306 0.30583320485872
3.24444469274378 0.68496289866351
3.25000024872451 1.47201730186708
3.25555580470524 2.66749542995081
3.26111136068596 4.27050733080186
3.26666691666669 6.27877078818696
3.27222247264741 8.6886127370742
3.27777802862814 11.4949754037978
3.28333358460886 14.6914271681446
3.28888914058959 18.270178128486
3.29444469657031 22.2221003351338
3.30000025255104 26.5367526412235
3.30555580853177 31.2024101046733
3.31111136451249 36.2060978591812
3.31666692049322 41.5336293568683
3.32222247647394 47.1696488700994
3.32777803245467 53.0976781252618
3.33333358843539 59.3001669269158
3.33888914441612 65.7491268513409
3.34444470039685 72.4140338864212
3.35000025637757 79.2723489043305
3.3555558123583 86.3008371839183
3.36111136833902 93.4756479988948
3.36666692431975 100.772396387304
3.37222248030047 108.16624682475
3.3777780362812 115.631998517182
3.38333359226193 123.144172023327
3.38888914824265 130.677096912154
3.39444470422338 138.205000156995
3.4000002602041 145.702094965229
3.40555581618483 153.14266974074
3.41111137216555 160.501176875643
3.41666692814628 167.752321068126
3.422222484127 174.871146864629
3.42777804010773 181.833125126942
3.43333359608846 188.614238128212
3.43888915206918 195.191062986275
3.44444470804991 201.540853148073
3.45000026403063 207.641617645323
3.45555582001136 213.472197848903
3.46111137599208 219.012341457652
3.46666693197281 224.242773466442
3.47222248795354 229.14526386839
3.47777804393426 233.702691856898
3.48333359991499 237.899106304916
3.48888915589571 241.719782311175
3.49444471187644 245.151273616318
3.50000026785716 248.18146070565
3.50555582383789 250.799594429672
3.51111137981862 252.996334988593
3.51666693579934 254.763786142599
3.52222249178007 256.095524525658
3.52777804776079 256.986623957158
3.53333360374152 257.433674662496
3.53888915972224 257.434797330901
3.54444471570297 256.989651956213
3.55000027168369 256.099441423938
3.55555582766442 254.76690982569
3.56111138364515 252.996335499969
3.56666693962587 250.793518816085
3.5722224956066 248.165764735896
3.57777805158732 245.12186020574
3.58333360756805 241.672046448538
3.58888916354877 237.827986243386
3.5944447195295 233.60272629707
3.60000027551023 229.010654828671
3.60555583149095 224.067454504787
3.61111138747168 218.790050878844
3.6166669434524 213.196556503367
3.62222249943313 207.30621089896
3.62777805541385 201.139316578007
3.63333361139458 194.717171334729
3.63888916737531 188.061997026155
3.64444472335603 181.196865080731
3.65000027933676 174.145618982698
3.65555583531748 166.932793990952
3.66111139129821 159.583534360788
3.66666694727893 152.123508345786
3.67222250325966 144.578821264977
3.67777805924039 136.975926927383
3.68333361522111 129.341537712001
3.68888917120184 121.702533606292
3.69444472718256 114.085870510166
3.70000028316329 106.518488115446
3.70555583914401 99.0272176726373
3.71111139512474 91.6386899577091
3.71666695110546 84.3792437513907
3.72222250708619 77.2748351422187
3.72777806306692 70.3509479622775
3.73333361904764 63.6325056612282
3.73888917502837 57.1437849198372
3.74444473100909 50.9083312988205
3.75000028698982 44.9488772124144
3.75555584297054 39.2872625087003
3.76111139895127 33.9443579303638
3.766666954932 28.9399917202924
3.77222251091272 24.2928796262365
3.77777806689345 20.0205585477025
3.78333362287417 16.1393240563699
3.7888891788549 12.664172008636
3.79444473483562 9.60874445546128
3.80000029081635 6.98528004054407
3.80555584679708 4.80456906303986
3.8111114027778 3.075913365622
3.81666695875853 1.80709119268772
3.82222251473925 1.00432714701527
3.82777807071998 0.67226735621983
3.8333336267007 0.8139599429971
3.83888918268143 1.43084087544162
3.84444473866215 2.52272525573952
3.85000029464288 4.08780408732343
3.85555585062361 6.12264654220066
3.86111140660433 8.62220773168614
3.86666696258506 11.5798419652499
3.87222251856578 14.9873214636886
3.87777807454651 18.8348604744114
3.88333363052723 23.1111447183559
3.88888918650796 27.8033660799814
3.89444474248869 32.8971081526584
3.90000029846941 38.3756210998146
3.90555585445014 44.2206489544794
3.91111141043086 50.4126459008622
3.91666696641159 56.9308427449684
3.92222252239231 63.7533176314665
3.92777807837304 70.8570707681429
3.93333363435377 78.2181029055176
3.93888919033449 85.811497306288
3.94444474631522 93.6115049272461
3.95000030229594 101.591632525223
3.95555585827667 109.724733388496
3.96111141425739 117.983100385979
3.96666697023812 126.338561018428
3.97222252621884 134.76257414888
3.97777808219957 143.226328083616
3.9833336381803 151.700839670097
3.98888919416102 160.157054074648
3.99444475014175 168.56594490007
4.00000030612247 176.898614301981
4.0055558621032 185.126392762393
4.01111141808392 193.220938179942
4.01666697406465 201.154333938221
4.02222253004538 208.899185616863
4.0277780860261 216.428716014341
4.03333364200683 223.7168581569
4.03888919798755 230.738345974587
4.04444475396828 237.468802332977
4.050000309949 243.884824117901
4.05555586592973 249.964064080175
4.06111142191046 255.685309158091
4.06666697789118 261.028555007067
4.07222253387191 265.975076478517
4.07777808985263 270.507493803424
4.08333364583336 274.609834250499
4.08888920181408 278.267589043873
4.09444475779481 281.467765341149
4.10000031377553 284.198933089185
4.10555586975626 286.451266592161
4.11111142573699 288.21658064422
4.11666698171771 289.488361097249
4.12222253769844 290.261789753113
4.12777809367916 290.53376348871
4.13333364965989 290.302907541735
4.13888920564061 289.569582904679
4.14444476162134 288.335887794536
4.15000031760207 286.605653185709
4.15555587358279 284.384432413706
4.16111142956352 281.679484877305
4.16666698554424 278.499753886893
4.17222254152497 274.855838726571
4.17777809750569 270.759961017284
4.18333365348642 266.225925487631
4.18888920946715 261.269075278103
4.19444476544787 255.906241923128
4.2000003214286 250.15569017352
4.20555587740932 244.037057839583
4.21111143339005 237.571290852231
4.21666698937077 230.780573755879
4.2222225453515 223.688255862652
4.22777810133223 216.318773312387
4.23333365731295 208.697567297118
4.23888921329368 200.850998722042
4.2444447692744 192.806259587381
4.25000032525513 184.591281387043
4.25555588123585 176.234640830486
4.26111143721658 167.765463203647
4.2666669931973 159.213323693256
4.27222254917803 150.608147006166
4.27777810515876 141.980105621598
4.28333366113948 133.359517019292
4.28888921712021 124.776740230516
4.29444477310093 116.262072061696
4.30000032908166 107.845643342042
4.30555588506238 99.557315546984
4.31111144104311 91.4265781485256
4.31666699702384 83.4824470416526
4.32222255300456 75.7533643928785
4.32777810898529 68.2671002527168
4.33333366496601 61.0506562684547
4.33888922094674 54.1301718270415
4.34444477692746 47.5308329502202
4.35000033290819 41.2767842552605
4.35555588888892 35.3910442848055
4.36111144486964 29.8954244984702
4.36666700085037 24.8104522069553
4.37222255683109 20.1552977165975
4.37777811281182 15.947705938526
4.38333366879254 12.2039327019586
4.38888922477327 8.93868599571399
4.39444478075399 6.16507234578018
4.40000033673472 3.89454851982038
4.40555589271545 2.13687873187228
4.41111144869617 0.900097502259713
4.4166670046769 0.190478308952075
4.42222256065762 0.0125081473342553
4.42777811663835 0.368868095654943
4.43333367261907 1.26041996336771
4.4388892285998 2.68619907923451
4.44444478458053 4.64341325549281
4.45000034056125 7.12444989389745
4.45555589654198 10.1177772224925
4.4611114525227 13.6122069063243
4.46666700850343 17.594845475027
4.47222256448415 22.0511402667857
4.47777812046488 26.9649309633078
4.48333367644561 32.3185065363255
4.48888923242633 38.0926674080623
4.49444478840706 44.2667926106824
4.50000034438778 50.8189117130679
4.50555590036851 57.7257812673777
4.51111145634923 64.962965512801
4.51666701232996 72.504921059764
4.52222256831068 80.3250852646385
4.52777812429141 88.3959679927686
4.53333368027214 96.6892464564308
4.53888923625286 105.175862804192
4.54444479223359 113.82612412908
4.55000034821431 122.609804555061
4.55555590419504 131.496249054516
4.56111146017576 140.454478643833
4.56666701615649 149.453296599784
4.57222257213722 158.461395336154
4.57777812811794 167.447463578092
4.58333368409867 176.380293470861
4.58888924007939 185.228887260109
4.59444479606012 193.962563182446
4.60000035204084 202.55106020798
4.60555590802157 210.964641280546
4.6111114640023 219.174194706616
4.61666701998302 227.151333350334
4.62222257596375 234.868491299688
4.62777813194447 242.299017677541
4.6333336879252 249.417267281053
4.63888924390592 256.198687743874
4.64444479988665 262.619902927389
4.65000035586738 268.658792260136
4.6555559118481 274.294565758356
4.66111146782883 279.507834475305
4.66666702380955 284.280676142515
4.67222257979028 288.596695782522
4.677778135771 292.441081089635
4.68333369175173 295.800652393085
4.68888924773245 298.663907035247
4.69444480371318 301.021058016538
4.70000035969391 302.864066778043
4.70555591567463 304.186670012724
4.71111147165536 304.984400416291
4.71666702763608 305.254601309327
4.72222258361681 304.996435082938
4.72777813959753 304.210885441118
4.73333369557826 302.900753433971
4.73888925155899 301.070647296884
4.74444480753971 298.726966131707
4.75000036352044 295.87787748676
4.75555591950116 292.533288913104
4.76111147548189 288.704813594851
4.76666703146261 284.405730171272
4.77222258744334 279.650936888093
4.77777814342407 274.456900234499
4.78333369940479 268.841598240954
4.78888925538552 262.824458631005
4.79444481136624 256.426292037557
4.80000036734697 249.66922051081
4.80555592332769 242.576601560887
4.81111147930842 235.172947993307
4.81666703528914 227.483843809603
4.82222259126987 219.535856458712
4.8277781472506 211.356445737068
4.83333370323132 202.973869646634
4.83888925921205 194.417087530418
4.84444481519277 185.715660814182
4.8500003711735 176.899651691188
4.85555592715422 167.999520093748
4.86111148313495 159.046019301177
4.86666703911568 150.070090538368
4.8722225950964 141.102756922632
4.87777815107713 132.175017118713
4.88333370705785 123.317739062852
4.88888926303858 114.561554116651
4.8944448190193 105.936752010012
4.90000037500003 97.473176929866
4.90555593098076 89.2001251075432
4.91111148696148 81.1462442526668
4.91666704294221 73.3394351752435
4.92222259892293 65.806755930316
4.92777815490366 58.5743288110766
4.93333371088438 51.6672505067879
4.93888926686511 45.109505731239
4.94444482284583 38.9238846158057
4.95000037882656 33.1319041485468
4.95555593480729 27.7537339271647
4.96111149078801 22.8081264791665
4.96666704676874 18.3123523871972
4.97222260274946 14.2821404413606
4.97777815873019 10.7316230234282
4.98333371471091 7.67328691022733
4.98888927069164 5.1179296652597
4.99444482667237 3.07462176877879
5.00000038265309 1.55067461722793
5.00555593863382 0.551460221837331
5.01111149461454 0.0796212815366596
5.01666705059527 0.135834964244288
5.02222260657599 0.718967147515629
5.02777816255672 1.82607852816179
5.03333371853745 3.45243685525637
5.03888927451817 5.59153523902278
5.0444448304989 8.23511646766948
5.05000038647962 11.3732032440606
5.05555594246035 14.9941342342412
5.06111149844107 19.0846058003478
5.0666670544218 23.6297192713877
5.07222261040252 28.6130335868335
5.07777816638325 34.016623130006
5.08333372236398 39.8211405508791
5.0888892783447 46.0058843612819
5.09444483432543 52.5488710695599
5.10000039030615 59.4269116066323
5.10555594628688 66.615691781112
5.1111115022676 74.0898564877593
5.11666705824833 81.8230973811
5.12222261422906 89.788243714557
5.12777817020978 97.9573560349902
5.13333372619051 106.301822413125
5.13888928217123 114.792456882025
5.14444483815196 123.399599748529
5.15000039413268 132.093219436502
5.15555595011341 140.843015515774
5.16111150609414 149.618522566892
5.16666706207486 158.389214529212
5.17222261805559 167.124609178414
5.17777817403631 175.794372379345
5.18333373001704 184.368421761033
5.18888928599776 192.81702946288
5.19444484197849 201.110923604388
5.20000039795922 209.221388135255
5.20555595393994 217.120360728343
5.21111150992067 224.780528384805
5.21666706590139 232.175420428557
5.22222262188212 239.279498576236
5.22777817786284 246.068243778852
5.23333373384357 252.518239542342
5.23888928982429 258.607251446301
5.24444484580502 264.314302593092
5.25000040178575 269.619744733435
5.25555595776647 274.505324829247
5.2611115137472 278.95424683004
5.26666706972792 282.951228455421
5.27222262570865 286.482552793201
5.27777818168937 289.53611454018
5.2833337376701 292.101460730855
5.28888929365083 294.169825817953
5.29444484963155 295.734160987825
5.30000040561228 296.789157613241
5.305555961593 297.331264765977
5.31111151757373 297.358700731647
5.31666707355445 296.871458489541
5.32222262953518 295.871305140606
5.32777818551591 294.36177528718
5.33333374149663 292.348158388492
5.33888929747736 289.837480136317
5.34444485345808 286.838477915367
5.35000040943881 283.361570432951
5.35555596541953 279.418821622146
5.36111152140026 275.023898942044
5.36666707738098 270.192026217553
5.37222263336171 264.939931179657
5.37777818934244 259.285787884932
5.38333374532316 253.2491542104
5.38888930130389 246.85090463641
5.39444485728461 240.113158546154
5.40000041326534 233.059204285552
5.40555596924606 225.713419241546
5.41111152522679 218.101186210298
5.41666708120752 210.248806339296
5.42222263718824 202.183408938962
5.42777819316897 193.93285846991
5.43333374914969 185.525659021571
5.43888930513042 176.990856606368
5.44444486111114 168.357939601008
5.45000041709187 159.656737672757
5.4555559730726 150.917319533684
5.46111152905332 142.169889869845
5.46666708503405 133.444685795189
5.47222264101477 124.771873181637
5.4777781969955 116.18144321719
5.48333375297622 107.703109543231
5.48888930895695 99.3662063202779
5.49444486493767 91.1995875683129
5.5000004209184 83.2315281236205
5.50555597689913 75.4896265486154
5.51111153287985 68.0007103246275
5.51666708886058 60.7907436499545
5.5222226448413 53.8847381567543
5.52777820082203 47.3066668505617
5.53333375680275 41.0793815653896
5.53888931278348 35.2245342155726
5.54444486876421 29.7625021127531
5.55000042474493 24.7123176027468
5.55555598072566 20.0916022625041
5.56111153670638 15.9213708982729
5.56666709268711 12.2190700804463
5.57222264866783 8.99480238089873
5.57777820464856 6.25701342264929
5.58333376062929 4.01246842996476
5.58888931661001 2.26623451681939
5.59444487259074 1.02166875860243
5.60000042857146 0.28041207244132
5.60555598455219 0.0423889119436659
5.61111154053291 0.30581276261831
5.61666709651364 1.06719740478134
5.62222265249437 2.32137389145027
5.62777820847509 4.06151316964413
5.63333376445582 6.27915425470177
5.63888932043654 8.96423784876743
5.64444487641727 12.1051452765334
5.65000043239799 15.6887425937329
5.65555598837872 19.7004297068005
5.66111154435944 24.1241943256207
5.66666710034017 28.9426705554164
5.6722226563209 34.1372019186472
5.67777821230162 39.6879085833348
5.68333376828235 45.5737585605633
5.68888932426307 51.7726426210545
5.6944448802438 58.261452668735
5.70000043622452 65.016163298138
5.70555599220525 72.0119162523418
5.71111154818598 79.2231074889806
5.7166671041667 86.6234765537013
5.72222266014743 94.1861979532969
5.72777821612815 101.883974214658
5.73333377210888 109.68913031066
5.7388893280896 117.573709130165
5.74444488407033 125.509567666457
5.75000044005106 133.4684735967
5.75555599603178 141.422201924344
5.76111155201251 149.342631356892
5.76666710799323 157.201840092966
5.77222266397396 164.972200695317
5.77777821995468 172.626473730121
5.78333377593541 180.137899857736
5.78888933191613 187.480290065967
5.79444488789686 194.628113743745
5.80000044387759 201.556584301053
5.80555599985831 208.241742049802
5.81111155583904 214.660534070162
5.81666711181976 220.790890797599
5.82222266780049 226.611799077475
5.82777822378121 232.103371446488
5.83333377976194 237.246911413477
5.83888933574267 242.024974526074
5.84444489172339 246.42142502435
5.85000044770412 250.421487897936
5.85555600368484 254.011796178979
5.86111155966557 257.180433319748
5.86666711564629 259.91697052065
5.87222267162702 262.212498891742
5.87777822760775 264.059656348557
5.88333378358847 265.452649161088
5.8888893395692 266.387268093044
5.89444489554992 266.860899086929
5.90000045153065 266.872528469098
5.90555600751137 266.42274266754
5.9111115634921 265.513722453793
5.91666711947282 264.149231738934
5.92222267545355 262.334600972031
5.92777823143428 260.076705207663
5.933333787415 257.38393692712
5.93888934339573 254.266173715538
5.94444489937645 250.734740914551
5.95000045535718 246.802369386879
5.9555560113379 242.483148545682
5.96111156731863 237.792474817322
5.96666712329936 232.746995721455
5.97222267928008 227.364549766932
5.97777823526081 221.664102375952
5.98333379124153 215.66567806203
5.98888934722226 209.390289099772
5.99444490320298 202.859860935984
6.00000045918371 196.097154602379
6.00555601516444 189.125686399924
6.01111157114516 181.96964513377
6.01666712712589 174.653807185635
6.02222268310661 167.20344971743
6.02777823908734 159.644262305898
6.03333379506806 152.002257312893
6.03888935104879 144.30367929986
6.04444490702951 136.574913797866
6.05000046301024 128.842395746302
6.05555601899097 121.1325179141
6.06111157497169 113.471539616917
6.06666713095242 105.885496042335
6.07222268693314 98.4001084926384
6.07777824291387 91.0406958511883
6.08333379889459 83.8320875738818
6.08888935487532 76.7985385015641
6.09444491085605 69.963645782718
6.10000046683677 63.350268188184
6.1055560228175 56.9804480911697
6.11111157879822 50.8753363763906
6.11666713477895 45.054966250555
6.12222269075967 39.5374147807692
6.1277782467404 34.3395156548536
6.13333380272113 29.4769600824617
6.13888935870185 24.9642474219587
6.14444491468258 20.8146399696792
6.1500004706633 17.0401220525219
6.15555602664403 13.6513635500587
6.16111158262475 10.6576879571699
6.16666713860548 8.06704508270876
6.17222269458621 5.88598846391069
6.17777825056693 4.11965756023581
6.18333380654766 2.77176477413581
6.18888936252838 1.84458732990922
6.19444491850911 1.33896402541679
6.20000047448983 1.25429685502141
6.20555603047056 1.58855748575052
6.21111158645128 2.33829855240887
6.21666714243201 3.49866972124839
6.22222269841274 5.06343845588496
6.22777825439346 7.02501540349081
6.23333381037419 9.37448430393855
6.23888936635491 12.1016363095786
6.24444492233564 15.195008588747
6.25000047831636 18.6419270719703
6.25555603429709 22.4285531862091
6.26111159027782 26.5399344094023
6.26666714625854 30.9600584650849
6.27222270223927 35.6719109649959
6.27777825821999 40.6575362964031
6.28333381420072 45.8981015403883
6.28888937018144 51.3739631975965
6.29444492616217 57.0647364889742
6.3000004821429 62.9493669908553
6.30555603812362 69.0062043563988
6.31111159410435 75.2130778688881
6.31666715008507 81.5473735667667
6.3222227060658 87.9861126755422
6.32777826204652 94.5060310778452
6.33333381802725 101.083659549996
6.33888937400797 107.695404491418
6.3444449299887 114.317628872153
6.35000048596943 120.926733123557
6.35555604195015 127.499235698046
6.36111159793088 134.011853025415
6.3666671539116 140.44157859588
6.37222270989233 146.765760903482
6.37777826587305 152.962179987892
6.38333382185378 159.009122317925
6.38888937783451 164.8854537662
6.39444493381523 170.570690431332
6.40000048979596 176.045067071816
6.40555604577668 181.289602924311
6.41111160175741 186.28616468833
6.41666715773813 191.017526469353
6.42222271371886 195.467426483094
6.42777826969959 199.620620334995
6.43333382568031 203.462930700975
6.43888938166104 206.981293247974
6.44444493764176 210.163798645908
6.45000049362249 212.999730536143
6.45555604960321 215.479599335563
6.46111160558394 217.595171769655
6.46666716156466 219.339496042708
6.47222271754539 220.706922568178
6.47777827352612 221.693120197479
6.48333382950684 222.295087900838
6.48888938548757 222.511161869361
6.49444494146829 222.341018023071
6.50000049744902 221.78566992525
6.50555605342974 220.847462119081
6.51111160941047 219.530058918025
6.5166671653912 217.838428696816
6.52222272137192 215.778823745107
6.52777827735265 213.358755760809
6.53333383333337 210.586967074824
6.5388893893141 207.473397713227
6.54444494529482 204.029148416937
6.55000050127555 200.266439752443
6.55555605725628 196.198567460244
6.561111613237 191.839854200195
6.56666716921773 187.205597864961
6.57222272519845 182.312016644193
6.57777828117918 177.176191032781
6.5833338371599 171.816002986668
6.58888939314063 166.25007243907
6.59444494912136 160.497691398626
6.60000050510208 154.578755858898
6.60555606108281 148.513695755737
6.61111161706353 142.323403215333
6.61666717304426 136.029159341247
6.62222272902498 129.652559793301
6.62777828500571 123.215439415002
6.63333384098643 116.739796169016
6.63888939696716 110.247714642216
6.64444495294789 103.761289382928
6.65000050892861 97.3025483332183
6.65555606490934 90.8933766183652
6.66111162089006 84.5554409541082
6.66666717687079 78.3101149298038
6.67222273285151 72.1885912628015
6.67777828883224 66.2202163893804
6.68333384481297 60.4230054237573
6.68888940079369 54.8142891818319
6.69444495677442 49.4106597488525
6.70000051275514 44.2279188113007
6.70555606873587 39.2810289138759
6.71111162471659 34.5840677919375
6.71666718069732 30.1501859187696
6.72222273667805 25.9915673956198
6.72777829265877 22.1193943006636
6.7333338486395 18.5438146008987
6.73888940462022 15.2739137185281
6.74444496060095 12.3176898306837
6.75000051658167 9.6820329684179
6.7555560725624 7.37270796779833
6.76111162854312 5.39434131271737
6.76666718452385 3.75041189572584
6.77222274050458 2.44324570985856
6.7777782964853 1.47401447108728
6.78333385246603 0.842738157755915
6.78888940844675 0.548291440170869
6.79444496442748 0.588413960477323
6.8000005204082 0.959724410096353
6.80555607638893 1.65773833936839
6.81111163236966 2.67688962168902
6.81666718835038 4.01055548237332
6.82222274433111 5.65108499078498
6.82777830031183 7.58983090295386
6.83333385629256 9.81718473101875
6.83888941227328 12.3226149054036
6.84444496825401 15.0947078857028
6.85000052423474 18.1212120668406
6.85555608021546 21.3890843182201
6.86111163619619 24.8845389853027
6.86666719217691 28.593099175405
6.87222274815764 32.4996501424669
6.87777830413836 36.5884945791781
6.88333386011909 40.8434096191489
6.88888941609981 45.2477053468065
6.89444497208054 49.7842846083964
6.90000052806127 54.4357039138872
6.90555608404199 59.1842352167194
6.91111164002272 64.0119283562238
6.91666719600344 68.9006739461484
6.92222275198417 73.8322664921005
6.92777830796489 78.7884675208109
6.93333386394562 83.751068504968
6.93888941992635 88.7019533689495
6.94444497590707 93.6231603630765
6.9500005318878 98.4969430970328
6.95555608786852 103.305830526813
6.96111164384925 108.032685693972
6.96666719982997 112.660763021016
6.9722227558107 117.173763972525
6.97777831179143 121.555890897939
6.98333386777215 125.791898878902
6.98888942375288 129.867145411629
6.9944449797336 133.767637762826
7.00000053571433 137.480077846335
7.00555609169505 140.991904476792
7.01111164767578 144.291332866144
7.0166672036565 147.367391238877
7.02222275963723 150.209954452207
7.02777831561796 152.809774518205
7.03333387159868 155.158507935917
7.03888942757941 157.248739752835
7.04444498356013 159.074004286684
7.05000053954086 160.62880245024
7.05555609552158 161.908615633821
7.06111165150231 162.90991611214
7.06666720748304 163.630173954316
7.07222276346376 164.067860427987
7.07777831944449 164.222447900607
7.08333387542521 164.09440625309
7.08888943140594 163.685195832959
7.09444498738666 162.99725698601
7.10000054336739 162.033996217194
7.10555609934812 160.799769042885
7.11111165532884 159.299859607922
7.11666721130957 157.540457151748
7.12222276729029 155.528629418563
7.12777832327102 153.27229311666
7.13333387925174 150.780181541958
7.13888943523247 148.061809490141
7.1444449912132 145.12743559082
7.15000054719392 141.988022205536
7.15555610317465 138.655193039446
7.16111165915537 135.141188623872
7.1666672151361 131.458819833806
7.17222277111682 127.621419610653
7.17777832709755 123.642793066189
7.18333388307827 119.537166148704
7.188889439059 115.319133056681
7.19444499503973 111.0036025891
7.20000055102045 106.605743624483
7.20555610700118 102.140929923209
7.2111116629819 97.6246844493091
7.21666721896263 93.0726234089655
7.22222277494335 88.5004002032816
7.22777833092408 83.9234952111888
7.23333388690481 79.3563901828431
7.23888944288553 74.8132907015174
7.24444499886626 70.3082336072415
7.25000055484698 65.8550409519174
7.25555611082771 61.4672749177411
7.26111166680843 57.1581938455403
7.26666722278916 52.9407095152611
7.27222277876989 48.8273458160029
7.27777833475061 44.8301989377248
7.28333389073134 40.96089921105
7.28888944671206 37.2305747154947
7.29444500269279 33.6498167699716
7.30000055867351 30.2286474125828
7.30555611465424 26.9764889695521
7.31111167063496 23.9021358056733
7.31666722661569 21.0137283408997
7.32222278259642 18.3187294096913
7.32777833857714 15.8239030315091
7.33333389455787 13.5352956524118
7.33888945053859 11.4582199091195
7.34444500651932 9.59724095817045
7.35000056250004 7.95616540395452
7.35555611848077 6.53803285048761
7.3611116744615 5.34511009281861
7.36666723044222 4.37888795497554
7.37222278642295 3.64008077238238
7.37777834240367 3.12862850774614
7.3833338983844 2.84370148055554
7.38888945436512 2.78370768157581
7.39444501034585 2.94630263509953
7.40000056632658 3.32840176324881
7.4055561223073 3.9261951983473
7.41111167828803 4.73516498132004
7.41666723426875 5.75010457625922
7.42222279024948 6.96514062374267
7.4277783462302 8.37375684823159
7.43333390221093 9.96882002792985
7.43888945819165 11.7426079288802
7.44444501417238 13.6868390988253
7.45000057015311 15.7927044104915
7.45555612613383 18.050900238484
7.46111168211456 20.45166314892
7.46666723809528 22.9848059763051
7.47222279407601 25.6397551579699
7.47777835005673 28.4055891926598
7.48333390603746 31.2710780866135
7.48888946201819 34.2247236476808
7.49444501799891 37.2548004857385
7.50000057397964 40.3493975758542
7.50555612996036 43.4964602393408
7.51111168594109 46.6838323970314
7.51666724192181 49.8992989487921
7.52222279790254 53.130628133479
7.52777835388327 56.3656137242237
7.53333390986399 59.5921169151125
7.53888946584472 62.798107756979
7.54444502182544 65.9717060021774
7.55000057780617 69.1012212208092
7.55555613378689 72.175192053949
7.56111168976762 75.1824244729347
7.56666724574835 78.1120289177375
7.57222280172907 80.9534561918017
7.5777783577098 83.6965319955187
7.58333391369052 86.3314899856591
7.58888946967125 88.8490032536173
7.59444502565197 91.2402141211921
7.6000005816327 93.4967621588305
7.60555613761342 95.6108103377607
7.61111169359415 97.5750692342234
7.61666724957488 99.3828192110484
7.6222228055556 101.027930509091
7.62777836153633 102.504881188517
7.63333391751705 103.808772867582
7.63888947349778 104.935344214343
7.6444450294785 105.880982154688
7.65000058545923 106.642730768086
7.65555614143996 107.218297850561
7.66111169742068 107.606059132523
7.66666725340141 107.805060147269
7.67222280938213 107.815015754066
7.67777836536286 107.636307327865
7.68333392134358 107.269977635697
7.68888947732431 106.717723427732
7.69444503330504 105.981885778807
7.70000058928576 105.065438223869
7.70555614526649 103.971972738257
7.71111170124721 102.705683621035
7.71666725722794 101.271349346642
7.72222281320866 99.6743124569147
7.72777836918939 97.9204575720754
7.73333392517011 96.0161876055335
7.73888948115084 93.9683982732389
7.74444503713157 91.7844509939467
7.75000059311229 89.4721442819693
7.75555614909302 87.0396837388768
7.76111170507374 84.4956507550783
7.76666726105447 81.8489700363118
7.77222281703519 79.1088760737403
7.77777837301592 76.2848786796005
7.78333392899665 73.3969971731972
7.78888948497737 70.464925350452
7.7944450409581 67.4980531796238
7.80000059693882 64.5057833387555
7.80555615291955 61.4974994700822
7.81111170890027 58.4825347937265
7.816667264881 55.4701411850348
7.82222282086173 52.4694588175187
7.82777837684245 49.4894864706595
7.83333393282318 46.5390525987857
7.8388894888039 43.6267872538889
7.84444504478463 40.7610949515925
7.85000060076535 37.9501285655551
7.85555615674608 35.2017643313955
7.8611117127268 32.5235780367694
7.86666726870753 29.9228224695465
7.87222282468826 27.4064061911297
7.87777838066898 24.9808736968588
7.88333393664971 22.6523870201554
7.88888949263043 20.4267088316241
7.89444504861116 18.3091870787411
7.90000060459188 16.304741206055
7.90555616057261 14.4178499900203
7.91111171655334 12.6525410166993
7.91666727253406 11.012381824626
7.92222282851479 9.50047272914334
7.92777838449551 8.11944133853121
7.93333394047624 6.87143876624809
7.93888949645696 5.75813753764443
7.94444505243769 4.78073118358479
7.95000060841842 3.93993550756245
7.95555616439914 3.23599150712298
7.96111172037987 2.66866992475281
7.96666727636059 2.23727739785343
7.97222283234132 1.9406641720311
7.97777838832204 1.77723333670284
7.98333394430277 1.74495153697046
7.98888950028349 1.84136111086118
7.99444505626422 2.06359359639276
8.00000061224495 2.40838454850703
8.00555616822567 2.8720896017439
8.0111117242064 3.4507017106099
8.01666728018712 4.13986949594508
8.02222283616785 4.93491662221948
8.02777839214857 5.83086212760699
8.0333339481293 6.82244162589833
8.03888950411003 7.90412929683488
8.04444506009075 9.07016057927834
8.05000061607148 10.3145554797826
8.0555561720522 11.6311424076098
8.06111172803293 13.0135824460342
8.06666728401365 14.4553939689112
8.07222283999438 15.9499775109475
8.07777839597511 17.490640799906
8.08333395195583 19.0706238590989
8.08888950793656 20.6831240889718
8.09444506391728 22.3213212373576
8.10000061989801 23.9784021690707
8.10555617587873 25.6475853469165
8.11111173185946 27.3221449379093
8.11666728784019 28.9954344604971
8.12222284382091 30.6609098909005
8.12777839980164 32.3121521492507
8.13333395578236 33.9428888890656
8.13888951176309 35.547015516713
8.14444506774381 37.1186153708627
8.15000062372454 38.6519789955184
8.15555617970526 40.1416224440237
8.16111173568599 41.5823045554431
8.16666729166672 42.9690431489149
8.17222284764744 44.2971300859378
8.17777840362817 45.5621451550743
8.18333395960889 46.7599687382102
8.18888951558962 47.8867932222907
8.19444507157034 48.9391331253298
8.20000062755107 49.9138339104566
8.2055561835318 50.8080794667902
8.21111173951252 51.6193982410106
8.21666729549325 52.3456680086004
8.22222285147397 52.9851192788425
8.2277784074547 53.5363373327678
8.23333396343542 53.998262898324
8.23888951941615 54.3701914720677
8.24444507539688 54.6517713016514
8.2500006313776 54.8430000482639
8.25555618735833 54.94422015297
8.26111174333905 54.9561129355677
8.26666729931978 54.8796914591181
8.2722228553005 54.7162921976994
8.27777841128123 54.4675655491553
8.28333396726195 54.1354652386658
8.28888952324268 53.7222366628173
8.29444507922341 53.2304042275026
8.30000063520413 52.662757736414
8.30555619118486 52.0223378900937
8.31111174716558 51.3124209584689
8.31666730314631 50.5365026925097
8.32222285912703 49.6982815431034
8.32777841510776 48.8016412574194
8.33333397108849 47.8506329249569
8.33888952706921 46.8493022657691
8.34444508304994 45.8009008202284
8.35000063903066 44.7086443801251
8.35555619501139 43.5758554393054
8.36111175099211 42.4059511220481
8.36666730697284 41.2024309133653
8.37222286295357 39.9688642344145
8.37777841893429 38.7088779063756
8.38333397491502 37.4261435461744
8.38888953089574 36.1243649373028
8.39444508687647 34.807265418718
8.40000064285719 33.4785753343816
8.40555619883792 32.1420195854411
8.41111175481864 30.8013053263546
8.41666731079937 29.4601098454249
8.4222228667801 28.1220686692392
8.42777842276082 26.7907639294121
8.43333397874155 25.4697130288098
8.43888953472227 24.1623576430944
8.444445090703 22.8720530919715
8.45000064668372 21.6020581129663
8.45555620266445 20.3555250688903
8.46111175864518 19.1354906184037
8.4666673146259 17.9448668772344
8.47222287060663 16.7864330956875
8.47777842658735 15.6628278760784
8.48333398256808 14.5765419516576
8.4888895385488 13.529911546466
8.49444509452953 12.5251123333857
8.50000065051026 11.5641540054292
8.50555620649098 10.648875473053
8.51111176247171 9.78094069800098
8.51666731845243 8.96183517187909
8.52222287443316 8.19286304534994
8.52777843041388 7.47514491152067
8.53333398639461 6.80961624478626
8.53888954237534 6.19702649409341
8.54444509835606 5.63793882731361
8.55000065433679 5.13273052116792
8.55555621031751 4.68159398893465
8.56111176629824 4.28453843600593
8.56666732227896 3.9413921312442
8.57222287825969 3.65180528003385
8.57777843424041 3.41525348293284
8.58333399022114 3.23104176191042
8.58888954620187 3.09830913431684
8.59444510218259 3.0160337129751
8.60000065816332 2.98303830911795
8.60555621414404 2.99799651332276
8.61111177012477 3.05943922812523
8.61666732610549 3.16576162462648
8.62222288208622 3.31523049414984
8.62777843806695 3.5059919648583
8.63333399404767 3.73607955221329
8.6388895500284 4.00342251124435
8.64444510600912 4.30585445780877
8.65000066198985 4.64112222535294
8.65555621797057 5.00689492314457
8.6611117739513 5.40077316152754
8.66666732993203 5.82029840946079
8.67222288591275 6.26296244943825
8.67777844189348 6.72621689484896
8.6833339978742 7.20748273492444
8.68888955385493 7.7041598726323
8.69444510983565 8.21363662121037
8.70000066581638 8.73329912549176
8.7055562217971 9.26054067474523
8.71111177777783 9.79277087444613
8.71666733375856 10.327424645195
8.72222288973928 10.8619710179129
8.72777844572001 11.3939216954579
8.73333400170073 11.9208393519253
8.73888955768146 12.4403456421051
8.74444511366218 12.9501288948742
8.75000066964291 13.4479514656908
8.75555622562364 13.9316567248257
8.76111178160436 14.3991756595094
8.76666733758509 14.8485330697846
8.77222289356581 15.2778533395289
8.77777844954654 15.6853657658362
8.78333400552726 16.0694094317289
8.78888956150799 16.4284376089871
8.79444511748872 16.7610216797387
8.80000067346944 17.0658545673351
8.80555622945017 17.3417536689422
8.81111178543089 17.5876632841935
8.81666734141162 17.8026565361771
8.82222289739234 17.985936782953
8.82777845337307 18.1368385197159
8.83333400935379 18.2548277736184
8.83888956533452 18.3395019951574
8.84444512131525 18.3905894518756
8.85000067729597 18.407948131954
8.8555562332767 18.3915641670476
8.86111178925742 18.3415497854507
8.86666734523815 18.2581408083537
8.87222290121887 18.1416937035766
8.8777784571996 17.9926822127131
8.88333401318033 17.8116935691086
8.88888956916105 17.5994243255
8.89444512514178 17.3617493335079
8.9000006811225 17.1047915807168
8.90555623710323 16.8298771454592
8.91111179308395 16.5383588956065
8.91666734906468 16.2316104944745
8.92222290504541 15.911020436483
8.92777846102613 15.5779861362947
8.93333401700686 15.2339080946944
8.93888957298758 14.8801841639047
8.94444512896831 14.518203934395
8.95000068494903 14.1493432645163
8.95555624092976 13.7749589734882
8.96111179691048 13.3963837173911
8.96666735289121 13.014921066866
8.97222290887194 12.6318408042106
8.97777846485266 12.2483744564824
8.98333402083339 11.8657110800872
8.98888957681411 11.484993311139
8.99444513279484 11.1073136946478
9.00000068877556 10.7337113043067
9.00555624475629 10.3651686633379
9.01111180073702 10.002608975507
9.01666735671774 9.6468936740371
9.02222291269847 9.29882029476116
9.02777846867919 8.95912067843517
9.03333402465992 8.62845950571259
9.03888958064064 8.30743316685363
9.04444513662137 7.99656896681584
9.0500006926021 7.69632466495353
9.05555624858282 7.40708834714603
9.06111180456355 7.12917862678557
9.06666736054427 6.86284516968944
9.072222916525 6.60826953666351
9.07777847250572 6.36556633614037
9.08333402848645 6.13478467805016
9.08888958446718 5.9159099188607
9.0944451404479 5.70886568655036
9.10000069642863 5.51351617315635
9.10555625240935 5.32966868147759
9.11111180839008 5.15707641150923
9.1166673643708 4.99544147124724
9.12222292035153 4.84441809563279
9.12777847633225 4.70361605660757
9.13333403231298 4.5726042465279
9.13888958829371 4.45091441653875
9.14444514427443 4.33804505094206
9.15000070025516 4.23346535810758
9.15555625623588 4.13661935807254
9.16111181221661 4.04693004665815
9.16666736819733 3.96380361569868
9.17222292417806 3.88663370883268
9.17777848015879 3.81480569224654
9.18333403613951 3.74770091978763
9.18888959212024 3.68470097197811
9.19444514810096 3.62519184865926
9.20000070408169 3.56856809528082
9.20555626006241 3.51423684321668
9.21111181604314 3.46162174493784
9.21666737202387 3.41016678540225
9.22222292800459 3.35933995162829
9.22777848398532 3.30863674309945
9.23333403996604 3.25758350640239
9.23888959594677 3.20574057832253
9.24444515192749 3.15270522251021
9.25000070790822 3.09811434578063
9.25555626388894 3.04164698111887
9.26111181986967 2.98302652552406
9.2666673758504 2.92202272193807
9.27222293183112 2.85845337566153
9.27777848781185 2.79218579685695
9.28333404379257 2.72313796197151
9.2888895997733 2.65127938817557
9.29444515575402 2.5766317162014
9.30000071173475 2.49926899827551
9.30555626771548 2.41931768916166
9.3111118236962 2.33695633966474
9.31666737967693 2.25241499328304
9.32222293565765 2.16597428803228
9.32777849163838 2.07796426679402
9.3333340476191 1.98876290085811
9.33888960359983 1.89879433262847
9.34444515958056 1.80852684473802
9.35000071556128 1.71847056406784
9.35555627154201 1.62917491038083
9.36111182752273 1.54122580045815
9.36666738350346 1.4552426197614
9.37222293948418 1.37187497473042
9.37777849546491 1.29179923986212
9.38333405144563 1.21571491469403
9.38888960742636 1.14434080673482
9.39444516340709 1.07841105723789
9.40000071938781 1.0186710275001
9.40555627536854 0.96587306408258
9.41111183134926 0.92077216199081
9.41666738732999 0.88412154541442
9.42222294331071 0.856668186110749
9.42777849929144 0.839148279917796
9.43333405527217 0.832282702200181
9.43888961125289 0.836772463264301
9.44444516723362 0.853294184924977
9.45000072321434 0.882341338140686
9.45555627919507 0.923449847121282
9.46111183517579 0.975971344571407
9.46666739115652 1.03923080016573
9.47222294713725 1.11252992358065
9.47777850311797 1.19515060883229
9.4833340590987 1.2863584053133
9.48888961507942 1.38540600094508
9.49444517106015 1.49153670294273
9.50000072704087 1.60398790182719
9.5055562830216 1.72199450451204
9.51111183900233 1.84479232253911
9.51666739498305 1.97162140183796
9.52222295096378 2.10172928073632
9.5277785069445 2.23437416335095
9.53333406292523 2.36882799593954
9.53888961890595 2.50437943429131
9.54444517488668 2.64033669077572
9.5500007308674 2.77603025025213
9.55555628684813 2.91081544466648
9.56111184282886 3.04407487682099
9.56666739880958 3.17522068449717
9.57222295479031 3.30369663683785
9.57777851077103 3.42898005564816
9.58333406675176 3.55058355505444
9.58888962273248 3.66805659376172
9.59444517871321 3.78098683497085
9.60000073469394 3.88900130985243
9.60555629067466 3.99176738132359
9.61111184665539 4.08899350573065
9.61666740263611 4.18042979090445
9.62222295861684 4.26586834992015
9.62777851459756 4.34514345075764
9.63333407057829 4.41813146291824
9.63888962655902 4.48475060290512
9.64444518253974 4.54496048131521
9.65000073852047 4.59876145511638
9.65555629450119 4.64619378949148
9.66111185048192 4.68733663441855
9.66666740646264 4.72230682191951
9.67222296244337 4.75125749064619
9.67777851842409 4.77437654517943
9.68333407440482 4.79188495809118
9.68888963038555 4.80403492345905
9.69444518636627 4.8111078711244
9.700000742347 4.8134123515475
9.70555629832772 4.81128180163316
9.71111185430845 4.80507220237681
9.71666741028917 4.79515963961175
9.7222229662699 4.78193777952116
9.72777852225063 4.76581527091378
9.73333407823135 4.74721308654598
9.73888963421208 4.72656181600705
9.7444451901928 4.70429892286579
9.75000074617353 4.68086597890556
9.75555630215425 4.65670588835089
9.76111185813498 4.63226011501142
9.76666741411571 4.6079659252383
9.77222297009643 4.58425365950409
9.77777852607716 4.56154404528075
9.78333408205788 4.5402455637015
9.78888963803861 4.52075188225139
9.79444519401933 4.5034393654413
9.80000075000006 4.48866467507916
9.80555630598078 4.47676247136452
9.81111186196151 4.46804322559781
9.81666741794224 4.46279115481606
9.82222297392296 4.46126228814524
9.82777852990369 4.46368267409592
9.83333408588441 4.47024673742802
9.83888964186514 4.48111579357248
9.84444519784586 4.49641672792662
9.85000075382659 4.51624084663781
9.85555630980732 4.54064290475927
9.86111186578804 4.56964031690641
9.86666742176877 4.60321255476325
9.87222297774949 4.64130073499176
9.87777853373022 4.68380740028223
9.88333408971094 4.7305964954567
9.88888964569167 4.78149353970088
9.8944452016724 4.83628599515688
9.90000075765312 4.89472383126356
9.90555631363385 4.95652028338512
9.91111186961457 5.02135280342706
9.9166674255953 5.08886419930324
9.92222298157602 5.15866395929299
9.92777853755675 5.23032975651641
9.93333409353747 5.30340912796128
9.9388896495182 5.37742132172094
9.94444520549893 5.45185930535139
9.95000076147965 5.52619192753071
9.95555631746038 5.59986622450817
9.9611118734411 5.67230986216654
9.96666742942183 5.74293370389182
9.97222298540255 5.81113449385262
9.97777854138328 5.87629764473923
9.98333409736401 5.93780011850226
9.98888965334473 5.99501338816451
9.99444520932546 6.04730646836007
10.0000007653062 6.09404900188266
10.0055563212869 6.13184412468917
10.0111118772676 6.15758478483274
10.0166674332484 6.17126554002375
10.0222229892291 6.17292671352401
10.0277785452098 6.16265558986446
10.0333341011905 6.1405874351926
10.0388896571713 6.10690633512168
10.044445213152 6.0618458436232
10.0500007691327 6.00568943720564
10.0555563251134 5.93877076935269
10.0611118810942 5.86147372095201
10.0666674370749 5.77423224322633
10.0722229930556 5.67752999048145
10.0777785490363 5.57189974080566
10.0833341050171 5.45792260369086
10.0888896609978 5.33622701439259
10.0944452169785 5.20748751570222
10.1000007729592 5.0724233286661
10.10555632894 4.93179671464941
10.1111118849207 4.78641113200545
10.1166674409014 4.63710919146809
10.1222229968821 4.48477041523563
10.1277785528629 4.3303088055527
10.1333341088436 4.174670229421
10.1388896648243 4.01882962687632
10.144445220805 3.86378805105441
10.1500007767858 3.71056954902995
10.1555563327665 3.56021789314642
10.1611118887472 3.4137931732587
10.166667444728 3.27236826098069
10.1722230007087 3.13702515766475
10.1777785566894 3.00885123843559
10.1833341126701 2.88893540515581
10.1888896686509 2.77836416171107
10.1944452246316 2.67821762546784
10.2000007806123 2.58956548917322
10.205556336593 2.51346294793321
10.2111118925738 2.45094660622037
10.2166674485545 2.40303038012304
10.2222230045352 2.37070141025501
10.2277785605159 2.35491600089434
10.2333341164967 2.35659560101329
10.2388896724774 2.37662284289648
10.2444452284581 2.41583765402068
10.2500007844388 2.47503345778718
10.2555563404196 2.55495347855603
10.2611118964003 2.65628716623041
10.266667452381 2.77966675537961
10.2722230083617 2.92566397357082
10.2777785643425 3.094786913204
10.2833341203232 3.28747708071084
10.2888896763039 3.50410663649057
10.2944452322846 3.74497583841191
10.3000007882654 4.01031070111468
10.3055563442461 4.30026088269728
10.3111119002268 4.61489780967985
10.3166674562075 4.95421305038971
10.3222230121883 5.31811694612709
10.327778568169 5.70643750863901
10.3333341241497 6.11891959155867
10.3388896801304 6.55522434256155
10.3444452361112 7.01492894204787
10.3500007920919 7.49752663319074
10.3555563480726 8.00242704718997
10.3611119040534 8.52895682654939
10.3666674600341 9.07636054815213
10.3722230160148 9.6438019468485
10.3777785719955 10.2303654391977
10.3833341279763 10.8350579459222
10.388889683957 11.4568110105456
10.3944452399377 12.0944832105941
10.4000007959184 12.7468628566543
10.4055563518992 13.4126709734988
10.4111119078799 14.0905645564184
10.4166674638606 14.7791400948432
10.4222230198413 15.4769373542932
10.4277785758221 16.182443406683
10.4333341318028 16.8940968980115
10.4388896877835 17.6102925415033
10.4444452437642 18.3293858233409
10.450000799745 19.0496979072299
10.4555563557257 19.7695207231887
10.4611119117064 20.4871222251424
10.4666674676871 21.2007518011368
10.4722230236679 21.9086458192779
10.4777785796486 22.6090332918364
10.4833341356293 23.3001416393562
10.48888969161 23.980202536057
10.4944452475908 24.6474578173327
10.5000008035715 25.300165429727
10.5055563595522 25.9366054034065
10.5111119155329 26.5550858268596
10.5166674715137 27.1539488033261
10.5222230274944 27.7315763683081
10.5277785834751 28.2863963474272
10.5333341394558 28.8168881338853
10.5388896954366 29.3215883648401
10.5444452514173 29.7990964761457
10.550000807398 30.2480801151103
10.5555563633787 30.6672803912017
10.5611119193595 31.0553626636602
10.5666674753402 31.410151430915
10.5722230313209 31.7294125665704
10.5777785873017 32.0110195849314
10.5833341432824 32.2529652991891
10.5888896992631 32.4533731018904
10.5944452552438 32.6105078171891
10.6000008112246 32.7227860757725
10.6055563672053 32.7887861649582
10.611111923186 32.8072573082502
10.6166674791667 32.7771283306223
10.6222230351475 32.6975156679635
10.6277785911282 32.5677306814548
10.6333341471089 32.3872862401512
10.6388897030896 32.1559025377036
10.6444452590704 31.8735121119603
10.6500008150511 31.5402640391374
10.6555563710318 31.1565272773147
10.6611119270125 30.7228931372057
10.6666674829933 30.240176861441
10.672223038974 29.7094182969881
10.6777785949547 29.1318816487965
10.6833341509354 28.5090543062885
10.6888897069162 27.8426447379
10.6944452628969 27.1345794525038
10.7000008188776 26.3869990302004
10.7055563748583 25.6022532286292
10.7111119308391 24.7828951746194
10.7166674868198 23.9316746546526
10.7222230428005 23.0515305212364
10.7277785987812 22.1455822358679
10.733334154762 21.2171205727985
10.7388897107427 20.2695975112683
10.7444452667234 19.3066153472551
10.7500008227041 18.3319150590659
10.7555563786849 17.3493639642733
10.7611119346656 16.362942708548
10.7666674906463 15.3767316298651
10.772223046627 14.3948965443303
10.7777786026078 13.4216740024991
10.7833341585885 12.461356067511
10.7888897145692 11.5182746686407
10.79444527055 10.5967855859598
10.8000008265307 9.70125212369793
10.8055563825114 8.83602853158868
10.8111119384921 8.00544323496661
10.8166674944729 7.21378193565068
10.8222230504536 6.46527064669067
10.8277786064343 5.76405872486926
10.833334162415 5.11420196543418
10.8388897183958 4.51964582388066
10.8444452743765 3.98420882971121
10.8500008303572 3.51156625696567
10.8555563863379 3.10523411593819
10.8611119423187 2.76855352987962
10.8666674982994 2.50467555962449
10.8722230542801 2.31654653798248
10.8777786102608 2.20689397439796
10.8833341662416 2.17821308881129
10.8888897222223 2.23275403185589
10.894445278203 2.37250984650136
10.9000008341837 2.59920522401039
10.9055563901645 2.91428610462345
10.9111119461452 3.31891017072704
10.9166675021259 3.81393827740769
10.9222230581066 4.39992686225356
10.9277786140874 5.07712137304828
10.9333341700681 5.8454507486186
10.9388897260488 6.70452298455901
10.9444452820295 7.65362181187488
10.9500008380103 8.69170451277342
10.955556393991 9.81740089390129
10.9611119499717 11.0290134332934
10.9666675059524 12.3245186131713
10.9722230619332 13.7015694465291
10.9777786179139 15.1574992011797
10.9833341738946 16.6893263206266
10.9888897298753 18.2937605367821
10.9944452858561 19.9672101651977
11.0000008418368 21.7057905691118
11.0055563978175 23.505333774279
11.0111119537983 25.3613992122295
11.016667509779 27.2692855653454
11.0222230657597 29.2240436829314
11.0277786217404 31.2204905333355
11.0333341777212 33.253224153137
11.0388897337019 35.3166395504965
11.0444452896826 37.4049455159553
11.0500008456633 39.5121822903074
11.0555564016441 41.6322400356485
11.0611119576248 43.7588780523576
11.0666675136055 45.8857446815893
11.0722230695862 48.0063978298716
11.077778625567 50.1143260496234
11.0833341815477 52.2029701068312
11.0888897375284 54.2657449647846
11.0944452935091 56.2960621106523
11.1000008494899 58.2873521498129
11.1055564054706 60.233087591236
11.1111119614513 62.1268057458458
11.116667517432 63.9528425861934
11.1222230734128 65.6954508288366
11.1277786293935 67.3484510601267
11.1333341853742 68.9059383789668
11.1388897413549 70.3623057137767
11.1444452973357 71.7122662108617
11.1500008533164 72.9508746094098
11.1555564092971 74.0735475215416
11.1611119652778 75.0760825393443
11.1666675212586 75.9546760946137
11.1722230772393 76.7059400010999
11.17777863322 77.3269166133838
11.1833341892007 77.8150925410939
11.1888897451815 78.1684108619901
11.1944453011622 78.3852817824751
11.2000008571429 78.4645916993277
11.2055564131237 78.4057106218728
11.2111119691044 78.2084979193879
11.2166675250851 77.8733063642731
11.2222230810658 77.4009844473745
11.2277786370466 76.7928769478129
11.2333341930273 76.0508237457219
11.238889749008 75.1771568724203
11.2444453049887 74.1746957987031
11.2500008609695 73.046740968127
11.2555564169502 71.7970655883517
11.2611119729309 70.4299056997725
11.2666675289116 68.9499485468067
11.2722230848924 67.3623192832671
11.2777786408731 65.6725660492386
11.2833341968538 63.8866434627554
11.2888897528345 62.010894575332
11.2944453088153 60.052031346009
11.300000864796 58.0171136940229
11.3055564207767 55.913527195464
11.3111119767574 53.7489594943444
11.3166675327382 51.5313755033311
11.3222230887189 49.268991473992
11.3277786446996 46.9702480207376
11.3333342006803 44.64378218671
11.3388897566611 42.2983986436396
11.3444453126418 39.9430401211731
11.3500008686225 37.5867571643262
11.3555564246032 35.2386773205546
11.361111980584 32.9079738604244
11.3666675365647 30.6038341380114
11.3722230925454 28.3354276989446
11.3777786485261 26.1118742454357
11.3833342045069 23.9422115686836
11.3888897604876 21.8353635597245
11.3944453164683 19.8001084100885
11.400000872449 17.8450471135419
11.4055564284298 15.978572379718
11.4111119844105 14.2088380695907
11.4166675403912 12.5437292615016
11.422223096372 10.9908330548391
11.4277786523527 9.55741021647141
11.4333342083334 8.25036777267488
11.4388897643141 7.07623264656686
11.4444453202949 6.04112643797305
11.4500008762756 5.15074143922434
11.4555564322563 4.41031797661206
11.461111988237 3.82462316313605
11.4666675442178 3.3979311437744
11.4722231001985 3.13400490979796
11.4777786561792 3.03607975366363
11.4833342121599 3.10684843076277
11.4888897681407 3.34844808879168
11.4944453241214 3.76244901976847
11.5000008801021 4.34984528376237
11.5055564360828 5.11104724724806
11.5111119920636 6.0458760726681
11.5166675480443 7.15356018930256
11.522223104025 8.43273376892795
11.5277786600057 9.88143722301858
11.5333342159865 11.4971197314261
11.5388897719672 13.2766438055896
11.5444453279479 15.2162918824025
11.5500008839286 17.3117749379153
11.5555564399094 19.5582431031128
11.5611119958901 21.9502982570892
11.5666675518708 24.4820085660812
11.5722231078515 27.1469249300314
11.5777786638323 29.9380992916631
11.583334219813 32.8481047564801
11.5888897757937 35.869057465677
11.5944453317744 38.9926401576914
11.6000008877552 42.2101273480551
11.6055564437359 45.5124120513416
11.6111119997166 48.890033963381
11.6166675556973 52.333209016528
11.6222231116781 55.8318602156648
11.6277786676588 59.3756496577952
11.6333342236395 62.9540116335747
11.6388897796203 66.5561867049253
11.644445335601 70.1712566490312
11.6500008915817 73.7881801555088
11.6555564475624 77.3958291604079
11.6611120035432 80.9830256979429
11.6666675595239 84.5385791484846
11.6722231155046 88.0511694780483
11.6777786714853 91.5086149284657
11.6833342274661 94.8986872956609
11.6888897834468 98.2093113703523
11.6944453394275 101.428609794729
11.7000008954082 104.544947454568
11.705556451389 107.546975245925
11.7111120073697 110.423673057085
11.7166675633504 113.164391808569
11.7222231193311 115.758894396688
11.7277786753119 118.197395389358
11.7333342312926 120.470599326673
11.7388897872733 122.569737483042
11.744445343254 124.486602952519
11.7500008992348 126.213583924307
11.7555564552155 127.743695021203
11.7611120111962 129.070606580082
11.7666675671769 130.188671760208
11.7722231231577 131.092951372363
11.7777786791384 131.779236329329
11.7833342351191 132.244067626184
11.7888897910998 132.484753767215
11.7944453470806 132.4993855648
11.8000009030613 132.286848244592
11.805556459042 131.846830800448
11.8111120150227 131.179832552006
11.8166675710035 130.287166867396
11.8222231269842 129.170962023352
11.8277786829649 127.834159184921
11.8333342389456 126.280507496971
11.8388897949264 124.514556289776
11.8444453509071 122.5416444111
11.8500009068878 120.367886707291
11.8555564628686 118.000157685982
11.8611120188493 115.446072402996
11.86666757483 112.713964625969
11.8722231308107 109.812862336928
11.8777786867915 106.752460645668
11.8833342427722 103.543092195125
11.8888897987529 100.195695149078
11.8944453547336 96.7217788613515
11.9000009107144 93.1333873342415
11.9055564666951 89.4430605820977
11.9111120226758 85.6637940238126
11.9166675786565 81.8089960354322
11.9222231346373 77.8924438011059
11.927778690618 73.9282376071706
11.9333342465987 69.9307537302573
11.9388898025794 65.9145960759093
11.9444453585602 61.8945467292843
11.9500009145409 57.8855155840607
11.9555564705216 53.9024892196569
11.9611120265023 49.9604792003
11.9666675824831 46.0744699723113
11.9722231384638 42.259366538224
11.9777786944445 38.5299420879801
11.9833342504252 34.9007857684744
11.988889806406 31.3862507731189
11.9944453623867 28.0004029328727
12.0000009183674 24.7569699893389
12.0055564743481 21.6692917290541
12.0111120303289 18.7502711560014
12.0166675863096 16.0123268766652
12.0222231422903 13.4673468686195
12.027778698271 11.1266437997183
12.0333342542518 9.00091206043683
12.0388898102325 7.10018666682056
12.0444453662132 5.43380418583799
12.050000922194 4.01036582873418
12.0555564781747 2.83770285125016
12.0611120341554 1.92284439233948
12.0666675901361 1.27198787529517
12.0722231461169 0.890472087024219
12.0777787020976 0.782753042597974
12.0833342580783 0.952382733193286
12.088889814059 1.40199084615013
12.0944453700398 2.13326953613706
12.1000009260205 3.14696131636792
12.1055564820012 4.44285012848511
12.1111120379819 6.01975563914976
12.1166675939627 7.87553080059325
12.1222231499434 10.0070627014225
12.1277787059241 12.4102767228708
12.1333342619048 15.0801440044828
12.1388898178856 18.010692211957
12.1444453738663 21.1950195885734
12.150000929847 24.6253122603552
12.1555564858277 28.2928647538831
12.1611120418085 32.1881036745365
12.1666675977892 36.3006144819243
12.1722231537699 40.6191712884154
12.1777787097506 45.1317695960334
12.1833342657314 49.8256618765695
12.1888898217121 54.6873958896367
12.1944453776928 59.7028556235646
12.2000009336735 64.8573047345577
12.2055564896543 70.1354323504447
12.211112045635 75.5214010966562
12.2166676016157 80.9988971938287
12.2222231575964 86.5511824686567
12.2277787135772 92.1499669444359
12.2333342695579 97.7656047605211
12.2388898255386 103.379116151311
12.2444453815193 108.971473019186
12.2500009375001 114.523665245195
12.2555564934808 120.016767090215
12.2611120494615 125.432003457785
12.2666676054423 130.750815789893
12.272223161423 135.954927367818
12.2777787174037 141.026407791723
12.2833342733844 145.947736415115
12.2888898293652 150.701864513393
12.2944453853459 155.27227596967
12.3000009413266 159.643046265657
12.3055564973073 163.798899570834
12.3111120532881 167.725263729199
12.3166676092688 171.408322949716
12.3222231652495 174.835068014022
12.3277787212302 177.993343823105
12.333334277211 180.871894113382
12.3388898331917 183.460403181958
12.3444453891724 185.749534470737
12.3500009451531 187.730965869497
12.3555565011339 189.397421608946
12.3611120571146 190.742700626186
12.3666676130953 191.761701296805
12.372223169076 192.45044244001
12.3777787250568 192.806080515735
12.3833342810375 192.826922945525
12.3888898370182 192.51243750204
12.3944453929989 191.863257725359
12.4000009489797 190.881184337732
12.4055565049604 189.569182642003
12.4111120609411 187.931375902627
12.4166676169218 185.973034721887
12.4222231729026 183.700562437621
12.4277787288833 181.121476582387
12.433334284864 178.244386457523
12.4388898408447 175.078966888919
12.4444453968255 171.635928244497
12.4500009528062 167.926982806305
12.4555565087869 163.964807602785
12.4611120647676 159.76300381907
12.4666676207484 155.3360529151
12.4722231767291 150.699269592861
12.4777787327098 145.868751765128
12.4833342886906 140.861327688645
12.4888898446713 135.694500434738
12.494445400652 130.386389879809
12.5000009566327 124.955672407064
12.5055565126135 119.421518519077
12.5111120685942 113.803528568353
12.5166676245749 108.121666820024
12.5222231805556 102.396194066944
12.5277787365364 96.6475990229753
12.5333342925171 90.8965287249355
12.5388898484978 85.1637181776466
12.5444454044785 79.4699194796755
12.5500009604593 73.835830669734
12.55555651644 68.282024535259
12.5611120724207 62.8288776254478
12.5666676284014 57.49649971095
12.5722231843822 52.3046639315318
12.5777787403629 47.2727378713222
12.5833342963436 42.4196157987311
12.5888898523243 37.7636523048038
12.5944454083051 33.3225975696509
12.6000009642858 29.1135344816881
12.6055565202665 25.1528178287343
12.6111120762472 21.4560157735901
12.616667632228 18.0378538195495
12.6222231882087 14.9121614634203
12.6277787441894 12.0918217250715
12.6333343001701 9.58872373329829
12.6388898561509 7.41371853795067
12.6444454121316 5.5765783078225
12.6500009681123 4.08595906278704
12.655556524093 2.9493670771268
12.6611120800738 2.17312907897666
12.6666676360545 1.76236635831875
12.6722231920352 1.72097288307828
12.6777787480159 2.05159750961077
12.6833343039967 2.75563036028982
12.6888898599774 3.83319342704239
12.6944454159581 5.28313544558437
12.7000009719389 7.10303107082714
12.7055565279196 9.28918436950538
12.7111120839003 11.8366366315639
12.716667639881 14.7391784872869
12.7222231958618 17.9893663026046
12.7277787518425 21.5785428105163
12.7333343078232 25.4968619221813
12.7388898638039 29.7333176469877
12.7444454197847 34.2757770368716
12.7500009757654 39.1110170563688
12.7555565317461 44.2247652663824
12.7611120877268 49.601744196495
12.7666676437076 55.2257192678815
12.7722231996883 61.0795501165364
12.777778755669 67.1452451546583
12.7833343116497 73.4038649153495
12.7888898676305 79.8348125804996
12.7944454236112 86.4166747608765
12.8000009795919 93.1274490254946
12.8055565355726 99.9446193479141
12.8111120915534 106.845233494684
12.8166676475341 113.805982092723
12.8222232035148 120.80327910622
12.8277787594955 127.813343448354
12.8333343154763 134.812281448726
12.838889871457 141.776169894033
12.8444454274377 148.681139356976
12.8500009834184 155.503457526967
12.8555565393992 162.21961225561
12.8611120953799 168.806394030455
12.8666676513606 175.240977591883
12.8722232073413 181.50100241045
12.8777787633221 187.564651745361
12.8833343193028 193.410730009065
12.8888898752835 199.018738168274
12.8944454312643 204.368946917877
12.900000987245 209.442467371362
12.9055565432257 214.221319019325
12.9111120992064 218.688494716533
12.9166676551872 222.828022467679
12.9222232111679 226.625023792458
12.9277787671486 230.065768461855
12.9333343231293 233.137725409503
12.9388898791101 235.829609634663
12.9444454350908 238.131424926673
12.9500009910715 240.034502254663
12.9555565470522 241.53153368078
12.961112103033 242.616601670189
12.9666676590137 243.285203686546
12.9722232149944 243.534271977497
12.9777787709751 243.362188470971
12.9833343269559 242.76879471955
12.9888898829366 241.75539684695
12.9944454389173 240.324765467598
13.000000994898 238.48113056736
13.0055565508788 236.230171350638
13.0111121068595 233.579001076219
13.0166676628402 230.536146921381
13.0222232188209 227.111524930798
13.0277787748017 223.31641012365
13.0333343307824 219.163401849
13.0388898867631 214.666384495903
13.0444454427438 209.840483680728
13.0500009987246 204.702018049909
13.0555565547053 199.268446851528
13.061112110686 193.558313443914
13.0666676666667 187.591184923653
13.0722232226475 181.387588069022
13.0777787786282 174.968941807859
13.0833343346089 168.357486431193
13.0888898905896 161.576209785529
13.0944454465704 154.648770687545
13.1000010025511 147.599419814933
13.1055565585318 140.452918336353
13.1111121145126 133.234454551743
13.1166676704933 125.969558821679
13.122223226474 118.684017070951
13.1277787824547 111.403783157066
13.1333343384355 104.154890398973
13.1388898944162 96.9633625648765
13.1444454503969 89.8551246205802
13.1500010063776 82.8559135413974
13.1555565623584 75.9911894911821
13.1611121183391 69.2860476715816
13.1666676743198 62.7651311430984
13.1722232303005 56.4525449170341
13.1777787862813 50.3717716138439
13.183334342262 44.5455889788916
13.1888898982427 38.9959895410551
13.1944454542234 33.7441026931202
13.2000010102042 28.8101194654324
13.2055565661849 24.2132202558713
13.2111121221656 19.9715057699057
13.2166676781463 16.1019314142944
13.2222232341271 12.6202453769705
13.2277787901078 9.54093061379818
13.2333343460885 6.87715095027579
13.2388899020692 4.64070149291411
13.24444545805 2.84196353097733
13.2500010140307 1.48986409459856
13.2555565700114 0.591840320005359
13.2611121259921 0.153808756771547
13.2666676819729 0.180139735698232
13.2722232379536 0.673636899174472
13.2777787939343 1.6355219787305
13.283334349915 3.06542488703137
13.2888899058958 4.9613791738236
13.2944454618765 7.31982287740102
13.3000010178572 10.1356047850578
13.3055565738379 13.401996097808
13.3111121298187 17.1107074764299
13.3166676857994 21.2519114277068
13.3222232417801 25.8142699716346
13.3277787977609 30.7849675124257
13.3333343537416 36.1497488184009
13.3388899097223 41.8854737817615
13.344445465703 47.9658251071045
13.3500010216838 54.3699965288604
13.3555565776645 61.0760592176676
13.3611121336452 68.061036999564
13.3666676896259 75.3009851642735
13.3722232456067 82.7710725949999
13.3777788015874 90.4456669408615
13.3833343575681 98.2984225427693
13.3888899135488 106.30237081418
13.3944454695296 114.430012769805
13.4000010255103 122.653413388019
13.405556581491 130.94429748647
13.4111121374717 139.274146785169
13.4166676934525 147.614297827293
13.4222232494332 155.936040424905
13.4277788054139 164.210716294995
13.4333343613946 172.409817550459
13.4388899173754 180.505084711079
13.4444454733561 188.468603901074
13.4500010293368 196.272902902453
13.4555565853175 203.891045737163
13.4611121412983 211.296725455929
13.466667697279 218.464354817592
13.4722232532597 225.36915454984
13.4777788092404 231.987238890248
13.4833343652212 238.295698115675
13.4888899212019 244.272677778113
13.4944454771826 249.897454376138
13.5000010331633 255.150507203053
13.5055565891441 260.013586125628
13.5111121451248 264.469775061042
13.5166677011055 268.50355093402
13.5222232570862 272.100837911422
13.527778813067 275.249056727356
13.5333343690477 277.937168928451
13.5388899250284 280.155715886008
13.5444454810092 281.896852439359
13.5500010369899 283.154375052897
13.5555565929706 283.923744387672
13.5611121489513 284.202102207356
13.5666677049321 283.98828255744
13.5722232609128 283.282817175902
13.5777788168935 282.087935113051
13.5833343728742 280.407556557827
13.588889928855 278.247280887444
13.5944454848357 275.614368976789
13.6000010408164 272.517719823441
13.6055565967971 268.967841563442
13.6111121527779 264.976816971937
13.6166677087586 260.558263561571
13.6222232647393 255.727288409809
13.62777882072 250.500437864331
13.6333343767008 244.895642293019
13.6388899326815 238.93215606198
13.6444454886622 232.630492941285
13.6500010446429 226.012357153736
13.6555566006237 219.100570296856
13.6611121566044 211.918994382451
13.6666677125851 204.492451251381
13.6722232685658 196.846638633678
13.6777788245466 189.008043135679
13.6833343805273 181.00385044649
13.688889936508 172.86185306574
13.6944454924887 164.610355863214
13.7000010484695 156.278079788577
13.7055566044502 147.894064055919
13.7111121604309 139.487567133309
13.7166677164116 131.087966871902
13.7222232723924 122.724660112343
13.7277788283731 114.426962108323
13.7333343843538 106.224006108068
13.7388899403346 98.1446434343711
13.7444454963153 90.2173444024051
13.750001052296 82.4701004120867
13.7555566082767 74.9303275481382
13.7611121642575 67.6247720162434
13.7666677202382 60.5794177378444
13.7722232762189 53.8193964191839
13.7777788321996 47.3689004021826
13.7833343881804 41.2510985956907
13.7888899441611 35.4880557755853
13.7944455001418 30.1006555311397
13.8000010561225 25.1085271231019
13.8055566121033 20.5299765060241
13.811112168084 16.3819217536311
13.8166677240647 12.6798331114399
13.8222232800454 9.43767788550416
13.8277788360262 6.66787036009335
13.8333343920069 4.3812269203954
13.8388899479876 2.58692653899283
13.8444455039683 1.29247676697731
13.8500010599491 0.503685352186141
13.8555566159298 0.224637588231509
13.8611121719105 0.457679478811393
13.8666677278912 1.20340678230291
13.872223283872 2.46065998191021
13.8777788398527 4.22652520673507
13.8833343958334 6.49634110912603
13.8888899518141 9.26371168360729
13.8944455077949 12.5203707113359
13.9000010637756 16.2554363596154
13.9055566197563 20.4562191255921
13.911112175737 25.1084197313487
13.9166677317178 30.1961782378677
13.9222232876985 35.7021284922392
13.9277788436792 41.6074577231093
13.9333343996599 47.8919710819358
13.9388899556407 54.5341609108671
13.9444455116214 61.5112805020545
13.9500010676021 68.7994220979839
13.9555566235829 76.373598868043
13.9611121795636 84.2078305830524
13.9666677355443 92.2752326969435
13.972223291525 100.548108533199
13.9777788475058 108.998044263116
13.9833344034865 117.59600635347
13.9888899594672 126.312441152719
13.9944455154479 135.117376277624
14.0000010714287 143.980523455979
14.0055566274094 152.871382476147
14.0111121833901 161.759345890293
14.0166677393708 170.613804115543
14.0222232953516 179.404250575898
14.0277788513323 188.100386527463
14.033334407313 196.67222521056
14.0388899632937 205.090194974445
14.0444455192745 213.325241023725
14.0500010752552 221.348925440133
14.0555566312359 229.133525139034
14.0611121872166 236.652127426895
14.0666677431974 243.878722833988
14.0722232991781 250.788294905646
14.0777788551588 257.356906645595
14.0833344111395 263.561783316094
14.0888899671203 269.381391311782
14.094445523101 274.795512837354
14.1000010790817 279.785316133206
14.1055566350624 284.333421008182
14.1111121910432 288.423959454298
14.1166677470239 292.042631134848
14.1222233030046 295.17675355455
14.1277788589853 297.815306738267
14.1333344149661 299.948972263332
14.1388899709468 301.570166509527
14.1444455269275 302.67306801023
14.1500010829082 303.253638808162
14.155556638889 303.309639739352
14.1611121948697 302.840639589452
14.1666677508504 301.84801808722
14.1722233068312 300.334962720789
14.1777788628119 298.306459383255
14.1833344187926 295.769276874935
14.1888899747733 292.731945310496
14.1944455307541 289.204728499736
14.2000010867348 285.199590391266
14.2055566427155 280.730155688444
14.2111121986962 275.811664766706
14.216667754677 270.460923040781
14.2222233106577 264.696244949162
14.2277788666384 258.537392741507
14.2333344226191 252.005510272359
14.2388899785999 245.123052021596
14.2444455345806 237.91370757834
14.2500010905613 230.402321840555
14.255556646542 222.614811197258
14.2611122025228 214.578075974045
14.2666677585035 206.319909435515
14.2722233144842 197.868903650019
14.2777788704649 189.25435253307
14.2833344264457 180.506152395504
14.2888899824264 171.654700331247
14.2944455384071 162.730790787103
14.3000010943878 153.765510663445
14.3055566503686 144.790133299982
14.3111122063493 135.836011704849
14.31666776233 126.934471388182
14.3222233183107 118.116703163015
14.3277788742915 109.413656276788
14.3333344302722 100.855932236023
14.3388899862529 92.4736796847228
14.3444455422336 84.2964906938639
14.3500010982144 76.3532988149677
14.3555566541951 68.6722792451284
14.3611122101758 61.2807514441329
14.3666677661565 54.2050845363844
14.3722233221373 47.4706058213089
14.377778878118 41.1015127057878
14.3833344340987 35.1207883609582
14.3888899900795 29.5501213935004
14.3944455460602 24.4098298083158
14.4000011020409 19.7187895253409
14.4055566580216 15.4943676981907
14.4111122140024 11.7523610664166
14.4166677699831 8.50693955647159
14.4222233259638 5.7705953290305
14.4277788819445 3.55409745219613
14.4333344379253 1.86645236137405
14.438889993906 0.714870247295468
14.4444455498867 0.104737493864959
14.4500011058674 0.0395145926563528
14.4555566618482 0.518643404501616
14.4611122178289 1.53886427132901
14.4666677738096 3.09507518110099
14.4722233297903 5.18035250245071
14.4777788857711 7.7859778577824
14.4833344417518 10.9014710349154
14.4888899977325 14.5146288171741
14.4944455537132 18.611569592077
14.500001109694 23.1767835795204
14.5055566656747 28.193188501655
14.5111122216554 33.6421904985721
14.5166677776361 39.5037500765152
14.5222233336169 45.756452858667
14.5277788895976 52.3775848926908
14.5333344455783 59.3432122541702
14.538890001559 66.6282646709567
14.5444455575398 74.2066228802357
14.5500011135205 82.0512094179048
14.5555566695012 90.134082528662
14.5611122254819 98.4265328750712
14.5666677814627 106.899182714822
14.5722233374434 115.522087207482
14.5777788934241 124.264837505258
14.5833344494049 133.096665276676
14.5888900053856 141.986548307667
14.5944455613663 150.903316821306
14.600001117347 159.815760155451
14.6055566733278 168.69273343672
14.6111122293085 177.503263889643
14.6166677852892 186.216656421474
14.6222233412699 194.802598125953
14.6277788972507 203.231261353369
14.6333344532314 211.473404999442
14.6388900092121 219.500473671953
14.6444455651928 227.284694401538
14.6500011211736 234.799170571707
14.6555566771543 242.017972752836
14.661112233135 248.916226135679
14.6666677891157 255.470194271674
14.6722233450965 261.657358840126
14.6777789010772 267.456495175978
14.6833344570579 272.847743306475
14.6888900130386 277.812674260428
14.6944455690194 282.334351429931
14.7000011250001 286.397386781346
14.7055566809808 289.987991729895
14.7111122369615 293.094022510421
14.7166677929423 295.705019895604
14.722223348923 297.812243132145
14.7277789049037 299.408697985065
14.7333344608844 300.48915880028
14.7388900168652 301.050184515891
14.7444455728459 301.090128573121
14.7500011288266 300.609142698523
14.7555566848073 299.609174549761
14.7611122407881 298.093959238085
14.7666677967688 296.069004761244
14.7722233527495 293.541571401186
14.7777789087302 290.520645161245
14.783334464711 287.016905337605
14.7888900206917 283.042686339622
14.7944455766724 278.611933892934
14.8000011326532 273.740155778205
14.8055566886339 268.444367276729
14.8111122446146 262.743031511913
14.8166678005953 256.655994892797
14.8222233565761 250.204417882228
14.8277789125568 243.410701327961
14.8333344685375 236.298408609859
14.8388900245182 228.892183870352
14.844445580499 221.217666608429
14.8500011364797 213.301402929585
14.8555566924604 205.170753755317
14.8611122484411 196.853800305858
14.8666678044219 188.379247178961
14.8722233604026 179.776323355482
14.8777789163833 171.074681469375
14.883334472364 162.304295685454
14.8888900283448 153.495358532805
14.8944455843255 144.67817704514
14.9000011403062 135.883068561556
14.9055566962869 127.140256542199
14.9111122522677 118.479766753118
14.9166678082484 109.931324173219
14.9222233642291 101.524250973656
14.9277789202098 93.2873659162356
14.9333344761906 85.2488855125053
14.9388900321713 77.4363272790944
14.944445588152 69.8764154177066
14.9500011441327 62.5949892398318
14.9555567001135 55.6169146468712
14.9611122560942 48.9659989659346
14.9666678120749 42.6649094301287
14.9722233680556 36.7350955797455
14.9777789240364 31.1967158474133
14.9833344800171 26.0685685760514
14.9888900359978 21.3680277034014
14.9944455919785 17.1109833310638
15.0000011479593 13.3117873793829
